G176 7553.2 3225.6 15675.4
G175 8379.3 3578.38 17389.9
G150 9044.02 3862.25 18769.4
G149 11132.5 4754.13 23103.7
G148 7567.93 3231.89 15706
G147 7335.5 3132.63 15223.7
G146 13058 5576.41 27099.7
G145 8210.54 3506.31 17039.7
G120 8261.94 3528.26 17146.3
G119 4809.99 2054.11 9982.36
G118 5321.6 2272.59 11044.1
G117 7530.42 3215.87 15628.2
G116 7240.89 3092.22 15027.3
G115 6936.61 2962.28 14395.8
G90 6996.97 2988.06 14521.1
G89 9313.08 3977.16 19327.8
G88 8725.09 3726.05 18107.5
G87 6342.96 2708.76 13163.8
G86 7266.74 3103.27 15081
G85 8889.4 3796.22 18448.5
G60 9511.2 4061.76 19739
G59 10404.4 4443.21 21592.7
G58 4624.96 1975.09 9598.35
G57 1507.77 643.893 3129.13
G56 8366.61 3572.96 17363.5
G55 5565.36 2376.69 11550
G30 11350.8 4847.35 23556.7
G29 12485.4 5331.89 25911.4
G28 4865.22 2077.69 10097
G27 6377.13 2723.35 13234.7
G26 13123 5604.2 27234.8
G25 10552.3 4506.37 21899.6
G626 13302.5 5680.84 27607.2
G625 11903.2 5083.25 24703.1
G600 4895.83 2090.77 10160.5
G599 11759.8 5022.03 24405.6
G598 11351.3 4847.59 23557.9
G597 13346.3 5699.53 27698
G596 9963.15 4254.77 20676.9
G595 7551.45 3224.85 15671.8
G570 8945.08 3820 18564.1
G569 7253.3 3097.52 15053
G568 6795.29 2901.93 14102.5
G567 7944.12 3392.54 16486.7
G566 11949.8 5103.15 24799.8
G565 7186.32 3068.92 14914
G540 5458.12 2330.89 11327.4
G539 9035.16 3858.47 18751
G538 8869.57 3787.75 18407.4
G537 10851.6 4634.19 22520.8
G536 8913.42 3806.48 18498.4
G535 8364.84 3572.21 17359.9
G510 8572.79 3661.01 17791.4
G509 8462.91 3614.09 17563.4
G508 6544.62 2794.88 13582.3
G507 2295 980.08 4762.9
G506 12745.2 5442.82 26450.5
G505 11304.4 4827.54 23460.4
G480 7859.45 3356.38 16311
G479 3626.77 1548.81 7526.77
G478 6872.5 2934.9 14262.8
G477 7806.51 3333.77 16201.2
G476 10761.9 4595.87 22334.6
G475 11707.7 4999.78 24297.4
G205 10351 4420.38 21481.7
G180 6325.6 2701.35 13127.8
G179 6601.49 2819.17 13700.3
G178 10195.9 4354.18 21160
G177 5445.52 2325.51 11301.3
G298 7948.8 3394.54 16496.4
G297 11537.8 4927.23 23944.9
G296 9360.67 3997.48 19426.6
G295 9742.12 4160.38 20218.2
G270 10962.1 4681.36 22750
G269 7872.52 3361.96 16338.1
G268 2176.93 929.657 4517.86
G267 6110.95 2609.68 12682.3
G266 1741.57 743.74 3614.35
G265 7454.8 3183.57 15471.2
G240 7998.98 3415.97 16600.6
G239 7283.89 3110.59 15116.5
G238 8977.6 3833.89 18631.6
G237 3818.22 1630.57 7924.1
G236 4605.13 1966.62 9557.2
G235 7993.69 3413.71 16589.6
G210 6823.6 2914.02 14161.3
G209 7091.57 3028.46 14717.4
G208 6761.03 2887.3 14031.4
G207 10739.6 4586.35 22288.3
G206 8897.42 3799.64 18465.2
G655 12011.3 5129.41 24927.4
G630 10142.1 4331.18 21048.2
G629 11225.7 4793.96 23297.2
G628 7999.9 3416.36 16602.5
G627 10033.2 4284.69 20822.3
G748 5576.49 2381.44 11573.1
G747 8122.33 3468.65 16856.6
G746 5851.39 2498.84 12143.6
G745 1774.08 757.62 3681.81
G720 9117.46 3893.61 18921.8
G719 8421.27 3596.3 17477
G718 9302.09 3972.46 19305
G717 11160.2 4765.97 23161.2
G716 13001.4 5552.24 26982.3
G715 12651.2 5402.71 26255.6
G690 11680.1 4987.98 24240.1
G689 11639.7 4970.74 24156.3
G688 10513.7 4489.89 21819.5
G687 7350.43 3139 15254.6
G686 7635.41 3260.71 15846.1
G685 9294.18 3969.08 19288.6
G660 7732 3301.95 16046.5
G659 7251.25 3096.65 15048.8
G658 10777.1 4602.38 22366.2
G657 7571 3233.2 15712.4
G656 6631.3 2831.9 13762.2
G450 8569.45 3659.59 17784.5
G449 8436.35 3602.75 17508.3
G448 6830.73 2917.07 14176.1
G447 8379.87 3578.62 17391.1
G446 9463.53 4041.4 19640
G445 9936.29 4243.3 20621.2
G420 10699.2 4569.09 22204.5
G419 8302.91 3545.76 17231.3
G418 7342.62 3135.67 15238.4
G417 7187.31 3069.34 14916.1
G416 9613.97 4105.65 19952.2
G415 12399.6 5295.25 25733.4
G390 5030.49 2148.27 10440
G389 7812.48 3336.32 16213.5
G388 9703.87 4144.04 20138.8
G387 6375.17 2722.52 13230.6
G386 582.401 248.715 1208.68
G385 7145.58 3051.52 14829.5
G360 7884.05 3366.88 16362.1
G359 5369.98 2293.25 11144.5
G358 7961.26 3399.86 16522.3
G357 9860.67 4211 20464.2
G356 13770.1 5880.53 28577.7
G355 8866.72 3786.54 18401.4
G330 11714.4 5002.62 24311.2
G329 9275.52 3961.11 19249.8
G328 7702.93 3289.54 15986.2
G327 7954.56 3397 16508.4
G326 7371.84 3148.15 15299.1
G325 10084.7 4306.68 20929.2
G300 6883.46 2939.58 14285.5
G299 8025.09 3427.12 16654.8
G900 4.20843 1.79721 8.73392
G899 5867.37 2505.66 12176.8
G898 4533.76 1936.14 9409.07
G897 5770.23 2464.18 11975.2
G896 1751.68 748.054 3635.32
G895 7084.48 3025.43 14702.7
G870 2886.27 1232.58 5989.98
G869 7475.74 3192.52 15514.7
G868 4261.3 1819.79 8843.65
G867 6195.4 2645.75 12857.5
G866 4698.53 2006.51 9751.05
G865 3177.42 1356.92 6594.22
G840 4324.99 1846.99 8975.82
G839 3056.81 1305.41 6343.92
G838 4345.95 1855.94 9019.32
G837 7927.26 3385.34 16451.7
G836 5502.09 2349.67 11418.7
G835 4013.95 1714.16 8330.3
G810 5042.9 2153.57 10465.7
G809 3056.17 1305.14 6342.6
G808 5853.37 2499.68 12147.7
G807 6103.85 2606.65 12667.6
G806 4182.28 1786.04 8679.64
G805 8706.67 3718.19 18069.3
G780 3895.35 1663.51 8084.16
G779 4333.37 1850.57 8993.2
G778 4596.52 1962.95 9539.34
G777 3384.19 1445.22 7023.33
G776 6353.44 2713.24 13185.5
G775 4214.79 1799.93 8747.12
G750 6508.14 2779.3 13506.6
G749 4741.18 2024.72 9839.55
W168 2579.04 1101.38 5352.39
W169 3588.56 1532.49 7447.47
W135 4859.94 2075.44 10086
W136 5270.34 2250.7 10937.7
W102 4855.67 2073.62 10077.2
W134 3117.36 1331.27 6469.58
W100 4285.8 1830.25 8894.47
W101 4509.33 1925.71 9358.38
W67 5472.45 2337.01 11357.2
W68 4315.24 1842.83 8955.59
W34 6185.63 2641.58 12837.3
W66 5108.91 2181.76 10602.7
W32 6463.24 2760.13 13413.4
W33 4214.23 1799.69 8745.94
G173 7074.35 3021.1 14681.7
G174 7610.77 3250.18 15794.9
G144 6080.6 2596.72 12619.3
G172 8683.74 3708.39 18021.7
G142 10262.3 4382.53 21297.8
G143 9623.83 4109.86 19972.7
G113 8960.47 3826.57 18596
G114 10853.6 4635.05 22525
G84 13312.6 5685.16 27628.2
G112 5848.59 2497.64 12137.8
G82 14709.9 6281.85 30527.9
G83 9833.62 4199.45 20408.1
G53 9519.73 4065.4 19756.7
G54 5136.94 2193.73 10660.9
G24 10351.9 4420.8 21483.8
G52 6316.44 2697.44 13108.7
G22 13230.4 5650.03 27457.5
G23 1543.29 659.063 3202.85
W847 5787.94 2471.74 12011.9
W848 4355.19 1859.89 9038.5
W845 5535 2363.72 11487
W846 6311.58 2695.36 13098.7
W815 5411.7 2311.07 11231.1
W816 5101.22 2178.48 10586.8
W813 7505.1 3205.06 15575.6
W814 5250.95 2242.42 10897.5
W811 4580.13 1955.95 9505.32
W812 6717.21 2868.59 13940.5
W781 5043.74 2153.93 10467.5
W782 8552.56 3652.37 17749.5
W779 5399.49 2305.85 11205.8
W780 5785.98 2470.91 12007.9
W777 5994.82 2560.09 12441.3
W778 6460.11 2758.79 13406.9
W747 5181.41 2212.72 10753.2
W748 5207.01 2223.66 10806.3
W714 6072.13 2593.1 12601.7
W746 5533.96 2363.28 11484.8
W712 6014.11 2568.33 12481.3
W713 5708.01 2437.61 11846
W679 6997.39 2988.24 14522
W680 5584.92 2385.04 11590.6
W646 8088.51 3454.2 16786.4
W678 4362.71 1863.1 9054.09
W644 4684.2 2000.39 9721.3
W645 8439.71 3604.18 17515.3
W611 6013.44 2568.04 12479.9
W612 5224.4 2231.08 10842.4
W578 2728.05 1165.02 5661.63
W610 4363.78 1863.55 9056.31
W236 6855.84 2927.79 14228.2
W233 4727.2 2018.75 9810.54
W234 2978.11 1271.8 6180.59
W203 4942.75 2110.8 10257.9
W204 3930.4 1678.48 8156.91
W170 2645.48 1129.75 5490.27
W202 2545.56 1087.08 5282.9
W305 5106.51 2180.74 10597.7
W306 1783.58 761.68 3701.54
W303 4901.45 2093.17 10172.2
W304 4582.53 1956.97 9510.3
W301 3289.38 1404.73 6826.57
W302 2537.74 1083.74 5266.66
W271 5196.58 2219.2 10784.7
W272 4427.46 1890.75 9188.49
W269 3413.6 1457.78 7084.38
W270 3590.36 1533.27 7451.22
W267 4885.86 2086.51 10139.8
W268 2694.57 1150.72 5592.15
W237 2947.58 1258.77 6117.23
W238 5895.3 2517.59 12234.7
W235 4150.52 1772.48 8613.73
W882 7329.78 3130.18 15211.8
W879 8444.41 3606.19 17525
W880 4529.83 1934.47 9400.93
W849 5475.96 2338.51 11364.5
W850 5251.31 2242.57 10898.2
W986 7058.48 3014.33 14648.7
W1018 4300.25 1836.42 8924.47
W984 8197.71 3500.84 17013
W985 5657.18 2415.9 11740.6
W951 7058.5 3014.33 14648.8
W952 5627.12 2403.06 11678.2
W949 5542.97 2367.13 11503.5
W950 5658.76 2416.57 11743.8
W947 7355.48 3141.16 15265.1
W948 7037.42 3005.33 14605
W917 6414.34 2739.24 13311.9
W918 8469.1 3616.73 17576.2
W915 6629.91 2831.31 13759.3
W916 4157.94 1775.65 8629.12
W913 2734.4 1167.73 5674.81
W914 8040.66 3433.77 16687.1
W883 4752.72 2029.65 9863.5
W884 5065.46 2163.21 10512.5
W881 7413.55 3165.96 15385.6
W576 4908.47 2096.16 10186.7
W577 7352.11 3139.72 15258.1
W543 5797.91 2476 12032.6
W544 4827.99 2061.79 10019.7
W510 4904.53 2094.48 10178.6
W542 6600.77 2818.86 13698.8
W508 3569.3 1524.27 7407.51
W509 5151.21 2199.83 10690.5
W475 4549.59 1942.9 9441.94
W476 4621.49 1973.61 9591.15
W442 3075.5 1313.39 6382.7
W474 4500.69 1922.02 9340.46
W440 4139.5 1767.78 8590.87
W441 6102.58 2606.11 12664.9
W407 4010.25 1712.58 8322.62
W408 7091.09 3028.25 14716.4
W405 3404.01 1453.68 7064.47
W406 4406.54 1881.81 9145.06
W403 6622.25 2828.03 13743.4
W404 3834.66 1637.59 7958.22
W373 4103.16 1752.26 8515.44
W374 6172.51 2635.97 12810
W371 3749.8 1601.35 7782.09
W372 2584.74 1103.81 5364.21
W369 5347.86 2283.8 11098.6
W370 5951.98 2541.79 12352.4
W339 1698.66 725.414 3525.3
W340 4712.76 2012.59 9780.57
W337 4068.34 1737.38 8443.17
W338 3566.65 1523.14 7402
W335 2551.46 1089.6 5295.14
W336 6259.1 2672.95 12989.7
G893 7946.94 3393.74 16492.6
G894 6630.15 2831.41 13759.8
G864 9983.07 4263.27 20718.2
G892 9640.8 4117.11 20007.9
G862 7525.19 3213.63 15617.3
G863 7836.78 3346.7 16264
G833 4833.41 2064.11 10031
G834 7369.57 3147.18 15294.4
G804 7611.26 3250.39 15795.9
G832 3619.83 1545.85 7512.38
G802 5665.2 2419.32 11757.2
G803 7155.72 3055.85 14850.5
G773 6333.94 2704.91 13145.1
G774 6576.81 2808.63 13649.1
G744 14630.2 6247.81 30362.5
G772 4856.53 2073.98 10078.9
G742 4925.34 2103.37 10221.8
G743 5409.99 2310.34 11227.6
W1155 5600.4 2391.65 11622.7
W1156 6589.3 2813.96 13675
W1122 4089.04 1746.22 8486.13
W1154 8224.03 3512.08 17067.6
W1120 7267.29 3103.5 15082.1
W1121 4393.46 1876.23 9117.91
W1087 6742.97 2879.59 13993.9
W1088 9324.86 3982.18 19352.2
W1054 6644.37 2837.48 13789.3
W1086 6876.07 2936.43 14270.2
W1052 4684.32 2000.44 9721.54
W1053 9037.49 3859.46 18755.8
W1019 5965.59 2547.61 12380.6
W1020 5835.18 2491.92 12110
W197 4896.86 2091.21 10162.6
W196 1964.92 839.118 4077.86
W167 1784.89 762.238 3704.25
W166 2035.69 869.341 4224.74
W165 3896.68 1664.08 8086.94
W164 2746.64 1172.95 5700.2
W163 2852.85 1218.31 5920.63
W162 1288.49 550.25 2674.05
W133 5104.61 2179.93 10593.8
W132 3272.57 1397.55 6791.69
W131 3631.64 1550.89 7536.89
W130 1522.87 650.34 3160.46
W129 5119.89 2186.45 10625.5
W128 3009.18 1285.07 6245.07
W99 4156.99 1775.24 8627.16
W98 4598.17 1963.65 9542.75
W97 3946.02 1685.15 8189.32
W96 2912.06 1243.59 6043.5
W95 2963.43 1265.54 6150.13
W94 5374.56 2295.21 11154
W65 4998.73 2134.71 10374
W64 3039.34 1297.95 6307.66
W63 3965.68 1693.55 8230.13
W62 5887.73 2514.36 12219
W61 2893.27 1235.57 6004.51
W60 6629.47 2831.12 13758.4
W31 4327.12 1847.9 8980.23
W30 5060.57 2161.12 10502.4
W29 3541.16 1512.25 7349.1
W28 3177.49 1356.95 6594.37
W27 2515.03 1074.04 5219.53
W26 4830.2 2062.74 10024.3
W642 4527.02 1933.27 9395.1
W639 6272.58 2678.71 13017.7
W640 5676.26 2424.05 11780.2
W609 4697.03 2005.87 9747.92
W638 3502.78 1495.86 7269.44
W607 5039.15 2151.97 10457.9
W608 5540.73 2366.17 11498.9
W742 5550.74 2370.44 11519.7
W711 4776.99 2040.02 9913.87
W740 5336.91 2279.13 11075.9
W709 5235.69 2235.9 10865.8
W710 6580.9 2810.38 13657.6
W707 5971.5 2550.13 12392.9
W708 4201.34 1794.18 8719.2
W677 5510.19 2353.13 11435.5
W706 2522.81 1077.37 5235.68
W675 6122.22 2614.5 12705.7
W676 4595.6 1962.55 9537.42
W673 3502.69 1495.82 7269.26
W674 5277.22 2253.64 10952
W643 7467.78 3189.12 15498.2
W672 2530.32 1080.57 5251.27
W641 8491.54 3626.31 17622.8
W232 4785.66 2043.72 9931.86
W231 2762.22 1179.61 5732.53
W230 8820.46 3766.78 18305.4
W201 5115.91 2184.75 10617.2
W200 1793.6 765.959 3722.33
W199 1753.96 749.028 3640.06
W198 5371.63 2293.95 11147.9
W434 4083.25 1743.75 8474.12
W402 7154.49 3055.33 14848
W401 4623.63 1974.52 9595.6
W400 4434.23 1893.64 9202.53
W368 5864.13 2504.28 12170
W367 4986.35 2129.42 10348.4
W366 7543.94 3221.64 15656.2
W334 4193.02 1790.63 8701.94
W333 3322.15 1418.73 6894.59
W332 5917.61 2527.12 12281
W300 4583.54 1957.4 9512.4
W299 5244.34 2239.6 10883.8
W298 4289.25 1831.72 8901.64
W266 4125.18 1761.66 8561.14
W265 5349.3 2284.42 11101.6
W264 4530.73 1934.85 9402.8
W1013 4846.42 2069.66 10058
W1016 3852.04 1645.02 7994.29
W983 4508.18 1925.22 9356.01
W1014 3914.27 1671.59 8123.43
W981 4933.6 2106.89 10238.9
W1012 7191.17 3070.99 14924.1
W979 581.078 248.149 1205.93
W982 5979.99 2553.76 12410.5
W946 6519.96 2784.35 13531.1
W980 3656.64 1561.57 7588.77
W944 1082.46 462.266 2246.48
W978 2789.92 1191.44 5790.03
W911 5805.38 2479.19 12048.1
W945 1526.98 652.098 3169
W878 3272.43 1397.49 6791.39
W912 4545.97 1941.36 9434.42
W876 7123.83 3042.24 14784.4
W910 4257.86 1818.32 8836.5
W843 7457.54 3184.75 15476.9
W877 6365.84 2718.53 13211.3
W810 5459.95 2331.67 11331.2
W844 8043.79 3435.1 16693.6
W808 2254.13 962.626 4678.08
W842 7256.86 3099.04 15060.4
W775 6406.65 2735.96 13296
W809 4088.96 1746.19 8485.97
W745 4600.92 1964.83 9548.47
W776 5912.54 2524.95 12270.5
W743 2601.74 1111.07 5399.49
W774 6715.43 2867.83 13936.8
W741 3362.32 1435.88 6977.94
W744 4421.07 1888.02 9175.21
W605 3784.25 1616.07 7853.6
W606 4291.17 1832.55 8905.63
W575 2506.42 1070.37 5201.67
W604 3079.01 1314.89 6389.99
W573 4141.78 1768.75 8595.59
W574 2862.51 1222.44 5940.68
W571 4718.5 2015.04 9792.49
W572 4083.2 1743.73 8474.02
W541 6061.75 2588.67 12580.2
W570 2584.59 1103.75 5363.9
W539 6961.6 2972.95 14447.7
W540 1906.02 813.965 3955.63
W537 4461.76 1905.4 9259.66
W538 3154.6 1347.17 6546.87
W507 4238.48 1810.04 8796.28
W536 3240.57 1383.89 6725.28
W505 4687.21 2001.68 9727.55
W506 6462.23 2759.7 13411.3
W503 5045.64 2154.74 10471.4
W504 4982.65 2127.84 10340.7
W473 3176.16 1356.38 6591.6
W502 1090.95 465.891 2264.09
W471 3285.8 1403.2 6819.15
W472 4652.81 1986.98 9656.16
W469 4614.45 1970.6 9576.54
W470 5902.98 2520.87 12250.7
W439 4955.73 2116.34 10284.8
W468 4268.77 1822.98 8859.13
W437 2974.39 1270.21 6172.86
W438 5337.8 2279.51 11077.7
W435 5535.53 2363.95 11488.1
W436 4260.37 1819.39 8841.71
W1050 5381.47 2298.16 11168.4
W1017 3642.09 1555.36 7558.57
W1048 7503.99 3204.58 15573.3
W1015 5381.54 2298.19 11168.5
W1046 5484.39 2342.11 11382
W1151 4933.93 2107.04 10239.6
W1153 5779.91 2468.31 11995.3
W1149 5063.6 2162.41 10508.7
W1152 7674.34 3277.33 15926.8
W1119 6814.42 2910.1 14142.2
W1150 1280.33 546.766 2657.12
W1117 7175.57 3064.33 14891.7
W1148 5060.05 2160.89 10501.3
W1115 3122.08 1333.29 6479.37
W1118 5817.66 2484.43 12073.6
W1085 5388.72 2301.25 11183.4
W1116 9001.29 3844.01 18680.7
W1083 4405.74 1881.47 9143.4
W1114 3450.6 1473.58 7161.15
W1081 5572.55 2379.76 11564.9
W1084 6547.27 2796.01 13587.8
W1051 8447.38 3607.46 17531.2
W1082 5602.17 2392.41 11626.4
W1049 5230.95 2233.88 10856
W1080 6765.43 2889.18 14040.6
W1047 5079.4 2169.16 10541.5
W92 2084.61 890.234 4326.27
W91 1400.66 598.153 2906.85
W90 2373.04 1013.41 4924.85
W89 3735.37 1595.19 7752.16
W59 2832.3 1209.53 5877.98
W58 5145.31 2197.31 10678.3
W57 3595.19 1535.32 7461.23
W56 4192.77 1790.52 8701.41
W55 1787.18 763.215 3709
W25 4056.56 1732.36 8418.74
W24 2953.28 1261.2 6129.06
W23 3754.03 1603.16 7790.88
W22 5553.98 2371.83 11526.4
W21 3322.18 1418.74 6894.66
G171 8524.21 3640.26 17690.6
G170 4741.25 2024.75 9839.71
G169 9028.15 3855.47 18736.5
G141 8416.33 3594.2 17466.7
G140 6938.69 2963.17 14400.1
G139 5869.93 2506.76 12182.1
G111 6794.59 2901.63 14101.1
G110 11915.9 5088.67 24729.4
G109 11602.8 4954.96 24079.7
G81 6305.21 2692.64 13085.5
G80 7133.12 3046.2 14803.6
G79 7479.67 3194.2 15522.8
G51 8248.01 3522.31 17117.4
G50 11796.1 5037.54 24480.9
G49 6777.1 2894.16 14064.8
G21 9766.69 4170.87 20269.2
G20 9206.18 3931.5 19105.9
G19 9248.04 3949.38 19192.8
W704 1819.85 777.166 3776.8
W670 4603.95 1966.12 9554.75
W671 4568.85 1951.13 9481.9
W637 4990.73 2131.29 10357.5
W669 6552.89 2798.41 13599.5
W635 2532.18 1081.37 5255.12
W636 1922.51 821.008 3989.86
W875 5033.33 2149.49 10445.9
W841 3063.01 1308.06 6356.79
W873 6074.48 2594.11 12606.6
W839 5762.03 2460.68 11958.2
W840 3459.81 1477.51 7180.27
W806 5774.41 2465.96 11983.9
W807 3441.06 1469.5 7141.36
W773 3897.42 1664.39 8088.46
W805 4207.27 1796.72 8731.52
W771 3276.93 1399.41 6800.74
W772 4691.14 2003.35 9735.71
W738 4596.19 1962.8 9538.65
W739 3804 1624.5 7894.59
W705 6869.03 2933.42 14255.6
W737 4777.02 2040.03 9913.94
W703 4361.69 1862.66 9051.98
W127 2287.87 977.035 4748.1
W126 2712.14 1158.22 5628.61
W125 4110.59 1755.43 8530.86
W124 3841.58 1640.55 7972.57
W123 5301 2263.79 11001.4
W122 5378.44 2296.86 11162.1
W93 2061.88 880.528 4279.11
W261 3709.56 1584.17 7698.6
W229 4860.94 2075.86 10088.1
W228 2307.36 985.358 4788.55
W227 5429.64 2318.73 11268.3
W195 4760.96 2033.17 9880.61
W194 4445.97 1898.65 9226.9
W193 2410.31 1029.32 5002.21
W192 3458.58 1476.99 7177.73
W191 4213.58 1799.41 8744.59
W190 4233.18 1807.78 8785.27
W161 3400.04 1451.99 7056.23
W160 1482.34 633.034 3076.36
W159 3014.84 1287.49 6256.82
W158 3082.01 1316.17 6396.21
W157 2968.38 1267.65 6160.39
W156 1919.73 819.821 3984.09
W1079 8159.92 3484.7 16934.6
W1111 6094.21 2602.54 12647.6
W1077 5852.78 2499.43 12146.5
W1109 3185.23 1360.25 6610.42
W1075 2758 1177.8 5723.78
W1078 5177 2210.84 10744
W1044 2716.56 1160.11 5637.77
W1076 5247.42 2240.91 10890.2
W1042 4938.22 2108.87 10248.5
W1045 7096.08 3030.38 14726.8
W1040 4381.28 1871.03 9092.65
W1043 7238.91 3091.38 15023.2
W1010 4787.82 2044.64 9936.35
W1041 6513.63 2781.65 13518
W1008 3493.26 1491.8 7249.69
W1011 8180.48 3493.47 16977.3
W1006 4891.87 2089.07 10152.3
W1009 4717.53 2014.62 9790.48
W976 5128.77 2190.24 10643.9
W1007 7003.2 2990.72 14534
W974 2558.24 1092.5 5309.22
W977 6062.87 2589.15 12582.5
W972 5032.65 2149.2 10444.5
W975 2785.98 1189.76 5781.86
W942 1558.28 665.464 3233.96
W973 4825.39 2060.68 10014.3
W909 5309.24 2267.31 11018.5
W943 5729.45 2446.76 11890.5
W907 6158.63 2630.04 12781.2
W941 5266.25 2248.95 10929.2
W874 6084.48 2598.38 12627.3
W908 5120.35 2186.64 10626.4
W602 2204.2 941.304 4574.46
W603 6046.38 2582.11 12548.3
W569 4123.8 1761.07 8558.27
W601 3991.27 1704.47 8283.23
W567 5673.79 2422.99 11775
W568 2394.59 1022.61 4969.58
W534 4245.03 1812.84 8809.87
W535 2654.75 1133.71 5509.51
W501 5733.64 2448.55 11899.2
W533 3719.83 1588.56 7719.91
W499 4550.88 1943.45 9444.61
W500 3495.74 1492.86 7254.85
W466 3077.14 1314.09 6386.1
W467 3076.23 1313.7 6384.21
W433 4827.11 2061.42 10017.9
W465 4964.13 2119.93 10302.2
W431 6624.66 2829.06 13748.4
W432 4678.32 1997.88 9709.1
W398 5281.03 2255.27 10959.9
W399 2724.97 1163.7 5655.22
W365 1936.38 826.933 4018.65
W397 3323.17 1419.16 6896.7
W363 3185.87 1360.53 6611.76
W364 2816.11 1202.62 5844.38
W330 5357.66 2287.99 11119
W331 5824.45 2487.33 12087.7
W297 5879.9 2511.01 12202.8
W329 2558.78 1092.73 5310.33
W295 6414.94 2739.5 13313.2
W296 4842.33 2067.92 10049.5
W262 3369.53 1438.96 6992.91
W263 6311.98 2695.53 13099.5
W1146 5373.65 2294.82 11152.1
W1112 1880.68 803.145 3903.05
W1144 4930.25 2105.47 10231.9
W1110 3878.78 1656.43 8049.77
W1113 6986.67 2983.66 14499.7
G889 7361.12 3143.57 15276.8
G891 5905.49 2521.94 12255.9
G860 6192.29 2644.42 12851.1
G890 6447.1 2753.23 13379.9
G831 4262.31 1820.22 8845.74
G861 7066.92 3017.93 14666.2
G829 8385.48 3581.02 17402.7
G859 7541.42 3220.57 15651
G800 4841.99 2067.77 10048.8
G830 8833.17 3772.21 18331.8
G771 6060.98 2588.34 12578.6
G801 7465.36 3188.08 15493.1
G769 5856.92 2501.2 12155.1
G799 6058.42 2587.25 12573.3
G740 5123.36 2187.93 10632.7
G770 4659.98 1990.05 9671.03
W1147 2815.98 1202.56 5844.11
G741 7239.67 3091.7 15024.8
W1145 5357.32 2287.84 11118.2
G739 5071.13 2165.63 10524.3
W1143 5976.54 2552.28 12403.3
W155 4166.7 1779.39 8647.31
W188 3203.43 1368.03 6648.21
W121 4671.75 1995.07 9695.46
W154 2780.6 1187.46 5770.68
W88 2970.03 1268.35 6163.82
W120 2187.71 934.261 4540.23
W86 837.625 357.708 1738.35
W87 3122.41 1333.43 6480.07
W53 1204.17 514.243 2499.07
W54 3762.56 1606.8 7808.59
W20 3714.86 1586.43 7709.58
W52 6522.93 2785.62 13537.3
W18 523.2 223.433 1085.82
W19 3888.52 1660.59 8069.99
G167 9880.64 4219.53 20505.7
G168 9012.61 3848.84 18704.2
G138 11396.9 4867.05 23652.4
G166 8262.01 3528.29 17146.5
G136 8817.2 3765.39 18298.7
G137 7272.72 3105.82 15093.4
G107 0 0 0
G108 6686.94 2855.66 13877.7
G78 8584.56 3666.04 17815.9
G106 8925.24 3811.53 18522.9
G76 12582.4 5373.33 26112.8
G77 15103.2 6449.81 31344.2
G47 8781.27 3750.04 18224.1
G48 15464.9 6604.27 32094.8
G18 11555.2 4934.66 23981
G46 8968.32 3829.92 18612.3
G16 0 0 0
G17 13031.8 5565.24 27045.4
W800 2191.15 935.729 4547.37
W801 3621.75 1546.67 7516.36
W769 5673.06 2422.68 11773.5
W770 2929.44 1251.02 6079.57
W767 4993.47 2132.46 10363.1
W768 5415.95 2312.88 11239.9
W736 5098.36 2177.26 10580.8
W766 5751.16 2456.04 11935.6
W734 4016.91 1715.42 8336.45
W735 4118.7 1758.89 8547.7
W732 3842.18 1640.8 7973.82
W733 6257.06 2672.08 12985.5
W701 6737.76 2877.36 13983.1
W702 5227.33 2232.33 10848.5
W699 3652.2 1559.67 7579.55
W700 2489.5 1063.14 5166.55
W668 4109.55 1754.98 8528.7
W698 3684.16 1573.32 7645.87
W666 5179.45 2211.89 10749.1
W667 4772.37 2038.04 9904.29
W664 2277.68 972.685 4726.96
W665 7643.7 3264.24 15863.3
W633 4136.74 1766.6 8585.14
W634 3547.95 1515.15 7363.2
W631 3149.3 1344.91 6535.85
W632 3881.36 1657.54 8055.13
W600 3527.35 1506.36 7320.44
W630 3696.55 1578.61 7671.6
W598 3335.23 1424.31 6921.74
W599 5573.99 2380.37 11567.9
W566 1921.48 820.568 3987.72
W597 4290.29 1832.17 8903.8
W257 5069.81 2165.07 10521.6
W225 3524.35 1505.07 7314.21
W226 3177.68 1357.03 6594.77
W223 3151.03 1345.65 6539.45
W224 5134.48 2192.68 10655.8
W189 4161.68 1777.25 8636.89
W222 3021.71 1290.42 6271.06
W328 4804.35 2051.7 9970.65
W358 3823.13 1632.67 7934.28
W326 4042.82 1726.49 8390.21
W327 4542.62 1939.93 9427.47
W324 2531.58 1081.11 5253.89
W325 5176.66 2210.69 10743.3
W293 3689.06 1575.41 7656.05
W294 2483.43 1060.55 5153.96
W291 4728.23 2019.19 9812.67
W292 3829.48 1635.38 7947.46
W260 3770.9 1610.36 7825.89
W290 4589.47 1959.93 9524.7
W258 5315.48 2269.98 11031.4
W259 3678.44 1570.88 7634.01
W256 4925.06 2103.25 10221.2
W836 4041.12 1725.76 8386.69
W804 4314.71 1842.6 8954.49
W834 3012.56 1286.51 6252.08
W802 2404.26 1026.74 4989.65
W803 3913.95 1671.45 8122.77
W940 6326.35 2701.67 13129.3
W970 4192.34 1790.34 8700.52
W938 4546.78 1941.7 9436.1
W939 3249.71 1387.79 6744.24
W936 4651.1 1986.26 9652.61
W937 6408.04 2736.55 13298.8
W905 3145.27 1343.19 6527.5
W906 3483.51 1487.63 7229.46
W903 5269.74 2250.44 10936.5
W904 3077.59 1314.29 6387.05
W872 3669.44 1567.04 7615.34
W902 7167.62 3060.93 14875.2
W870 5208.84 2224.43 10810.1
W871 2354.62 1005.54 4886.64
W868 4023.87 1718.39 8350.88
W869 4268.16 1822.72 8857.88
W837 5528.56 2360.97 11473.6
W838 5672.19 2422.31 11771.7
W835 10.5656 4.51205 21.9272
W564 3698.94 1579.63 7676.54
W565 3487.61 1489.38 7237.97
W532 3749.66 1601.29 7781.8
W563 79.3463 33.8849 164.67
W530 2561.54 1093.91 5316.06
W531 4820.46 2058.58 10004.1
W528 7320.73 3126.32 15193
W529 2161.12 922.908 4485.06
W497 2891.97 1235.02 6001.81
W498 5485.08 2342.41 11383.4
W495 5744.43 2453.16 11921.6
W496 3173 1355.03 6585.05
W464 2850.27 1217.21 5915.27
W494 729.787 311.656 1514.55
W462 2844.37 1214.69 5903.02
W463 3824.52 1633.26 7937.16
W460 3918.65 1673.46 8132.53
W461 3740.54 1597.4 7762.89
W429 4764.31 2034.6 9887.56
W430 7377.9 3150.73 15311.6
W427 3451.2 1473.83 7162.4
W428 4630.39 1977.41 9609.62
W396 3852.4 1645.17 7995.04
W426 4783.97 2043 9928.36
W394 4236.99 1809.41 8793.2
W395 2613.96 1116.29 5424.86
W392 1692.38 722.732 3512.27
W393 5024.51 2145.72 10427.6
W361 3923.55 1675.55 8142.69
W362 4623.85 1974.62 9596.05
W359 5235.58 2235.86 10865.6
W360 3205.55 1368.93 6652.6
G887 6912.45 2951.96 14345.7
G888 7798.63 3330.41 16184.8
G858 9727.74 4154.23 20188.3
G886 4255.13 1817.15 8830.83
G856 6186.01 2641.74 12838.1
G857 7497.15 3201.66 15559.1
G827 6457.03 2757.48 13400.5
G828 3606.6 1540.2 7484.91
G798 5649.44 2412.59 11724.5
G826 5489.27 2344.19 11392.1
G796 7117.97 3039.73 14772.2
G797 5065.78 2163.34 10513.2
G767 7673.54 3276.99 15925.2
G768 4001.33 1708.77 8304.11
G738 5492.33 2345.5 11398.4
G766 8596.39 3671.09 17840.4
G736 5180.13 2212.18 10750.5
G737 6681.09 2853.16 13865.5
W1141 5330.23 2276.28 11062
W1142 5310.78 2267.97 11021.7
W1108 2077.91 887.372 4312.37
W1140 4207.63 1796.87 8732.26
W1106 4293.84 1833.68 8911.16
W1107 5403.95 2307.76 11215
W1073 6507.96 2779.23 13506.2
W1074 5208.39 2224.24 10809.2
W1039 4741.97 2025.06 9841.2
W1072 6638.82 2835.11 13777.8
W1005 6894.31 2944.22 14308
W1038 5289.22 2258.76 10976.9
W971 4680.34 1998.74 9713.29
W1004 7669.41 3275.22 15916.6
W153 3031.14 1294.45 6290.63
W186 2994.93 1278.99 6215.5
W119 2355.2 1005.79 4887.83
W152 4886.13 2086.62 10140.4
W85 2013.71 859.957 4179.14
W118 5391.32 2302.36 11188.8
W83 2331.99 995.879 4839.68
W84 1697.87 725.078 3523.66
W50 6819.01 2912.06 14151.8
W51 4014.52 1714.4 8331.48
W17 6529.1 2788.26 13550.1
W49 2900.95 1238.85 6020.45
W15 6048.94 2583.2 12553.6
W16 5240.64 2238.02 10876.1
G164 6389.54 2728.65 13260.4
G165 7390.4 3156.07 15337.6
G135 6438.9 2749.74 13362.9
G163 7572.4 3233.79 15715.3
G133 5816.76 2484.05 12071.7
G134 5170.44 2208.04 10730.4
G104 7214.12 3080.79 14971.7
G105 11034.6 4712.34 22900.6
G75 8280.84 3536.34 17185.6
G103 11399.4 4868.14 23657.7
G73 11322.4 4835.25 23497.9
G74 11649.9 4975.09 24177.5
G44 3294.93 1407.1 6838.1
G45 7135.29 3047.13 14808.1
G15 11481.7 4903.24 23828.3
G43 9047.41 3863.7 18776.4
G13 6377.7 2723.6 13235.9
G14 5813.6 2482.7 12065.2
W795 7228.35 3086.87 15001.3
W796 7335.57 3132.66 15223.8
W764 4001.32 1708.76 8304.08
W765 3978.59 1699.06 8256.91
W762 4292.91 1833.29 8909.24
W763 2856 1219.66 5927.17
W731 4109.46 1754.95 8528.52
W761 2037.43 870.083 4228.35
W729 3380.94 1443.83 7016.6
W730 5275.62 2252.95 10948.7
W727 4354.35 1859.53 9036.75
W728 4964.48 2120.08 10303
W696 1666.52 711.686 3458.58
W697 2747.8 1173.45 5702.62
W694 3245.06 1385.81 6734.6
W695 6615.7 2825.24 13729.8
W663 737.658 315.017 1530.89
W693 2440.89 1042.38 5065.66
W661 2419.47 1033.24 5021.23
W662 4993.67 2132.55 10363.6
W659 2890.89 1234.55 5999.57
W660 3968.12 1694.59 8235.2
W628 2858.23 1220.61 5931.79
W629 6390.91 2729.24 13263.3
W626 2867.93 1224.75 5951.92
W627 5133.37 2192.21 10653.5
W594 6294.01 2687.86 13062.2
W625 2594.35 1107.92 5384.16
W592 3176.45 1356.5 6592.2
W593 2802.24 1196.7 5815.59
W560 2668.24 1139.47 5537.51
W591 6077.37 2595.34 12612.6
W252 3862.15 1649.33 8015.26
W220 5306.44 2266.12 11012.7
W221 4847.76 2070.24 10060.7
W218 2542.92 1085.95 5277.41
W219 4934.04 2107.08 10239.8
W187 2109.54 900.879 4378.01
W217 3404.29 1453.8 7065.06
W323 3553.07 1517.34 7373.82
W353 3432.39 1465.8 7123.38
W321 2451.44 1046.89 5087.56
W322 3237.99 1382.79 6719.93
W319 5088.67 2173.12 10560.7
W320 4368.28 1865.48 9065.66
W288 6151.3 2626.91 12766
W289 5462.07 2332.58 11335.6
W286 6053.1 2584.98 12562.2
W287 3209.98 1370.82 6661.8
W255 3859.21 1648.08 8009.16
W285 2612.25 1115.56 5421.3
W253 5374.36 2295.12 11153.6
W254 6391.87 2729.65 13265.3
W251 3003.47 1282.63 6233.21
W831 3972.62 1696.51 8244.54
W799 3422.61 1461.63 7103.08
W829 5548.82 2369.63 11515.7
W797 3570.4 1524.74 7409.78
W798 3344.75 1428.38 6941.49
W935 2756.28 1177.07 5720.22
W968 3088.64 1319.01 6409.98
W933 5584.63 2384.92 11590
W934 5928.55 2531.79 12303.8
W931 5481.36 2340.82 11375.7
W932 2621.09 1119.34 5439.64
W900 6322.14 2699.87 13120.6
W901 4321.13 1845.34 8967.82
W898 3643.6 1556 7561.7
W899 4655.67 1988.21 9662.09
W867 3171.8 1354.52 6582.56
W897 5507.36 2351.92 11429.6
W865 4983.8 2128.33 10343.1
W866 4766.18 2035.4 9891.43
W863 4261.05 1819.68 8843.13
W864 6281.72 2682.61 13036.7
W832 4665.36 1992.34 9682.19
W833 5412.68 2311.49 11233.1
W830 4629.14 1976.88 9607.04
W558 3700.73 1580.4 7680.27
W559 3341.26 1426.89 6934.25
W527 8221.34 3510.92 17062.1
W557 1804.77 770.726 3745.5
W525 3073.9 1312.71 6379.38
W526 4630.18 1977.32 9609.18
W523 2324.64 992.737 4824.41
W524 4789.02 2045.15 9938.84
W492 3740.36 1597.32 7762.51
W493 3775.99 1612.54 7836.46
W490 2122.55 906.435 4405.01
W491 4167.64 1779.79 8649.25
W459 2993.11 1278.21 6211.72
W489 3105.24 1326.09 6444.42
W457 4319.81 1844.78 8965.07
W458 4153.8 1773.88 8620.54
W455 2309.32 986.197 4792.63
W456 2744.3 1171.95 5695.35
W424 2620.86 1119.24 5439.18
W425 2174.18 928.486 4512.17
W422 4782.91 2042.54 9926.16
W423 2883.79 1231.52 5984.85
W391 5075.71 2167.58 10533.8
W421 3810.77 1627.39 7908.64
W389 4666.29 1992.74 9684.13
W390 3552.72 1517.19 7373.1
W387 4893.52 2089.78 10155.7
W388 4064.09 1735.57 8434.35
W356 6721.84 2870.56 13950.1
W357 5001.45 2135.87 10379.7
W354 4179.36 1784.8 8673.58
W355 3759.04 1605.3 7801.28
G884 6931.62 2960.15 14385.5
G885 8292.46 3541.3 17209.7
G855 6375.42 2722.62 13231.2
G883 4001.02 1708.64 8303.48
G853 5487.96 2343.63 11389.4
G854 7136.68 3047.72 14811
G824 3787.85 1617.6 7861.07
G825 1730.43 738.982 3591.24
G795 7489.65 3198.46 15543.6
G823 4728.34 2019.24 9812.9
G793 6445.24 2752.44 13376.1
G794 4696.1 2005.47 9745.98
G764 2933.52 1252.76 6088.05
G765 6149.03 2625.95 12761.3
G735 5483.59 2341.77 11380.3
G763 6923.67 2956.75 14368.9
G733 4786.23 2043.96 9933.04
G734 6207.67 2650.99 12883
W1138 5730.51 2447.22 11892.8
W1139 3097.52 1322.8 6428.41
W1105 5012.33 2140.52 10402.3
W1137 4488.27 1916.72 9314.68
W1103 3231.74 1380.11 6706.94
W1104 3140.56 1341.18 6517.73
W1070 4233.89 1808.09 8786.76
W1071 3216.76 1373.72 6675.86
W1037 4414.63 1885.27 9161.86
W1069 6700.33 2861.38 13905.5
W1003 3943.33 1684 8183.74
W1036 5851.74 2498.99 12144.3
W969 6312.53 2695.77 13100.6
W1002 6371.32 2720.87 13222.6
W81 2530.87 1080.81 5252.42
W80 4434.16 1893.61 9202.38
W79 3857.57 1647.38 8005.77
W78 4585.88 1958.4 9517.25
W48 1335.89 570.491 2772.42
W47 3580.67 1529.12 7431.09
W46 4781.31 2041.86 9922.83
W45 3464.66 1479.58 7190.34
W44 4871.33 2080.3 10109.7
W14 3788.33 1617.81 7862.06
W13 3491.18 1490.91 7245.37
W12 2261.71 965.862 4693.8
W11 4547.17 1941.87 9436.91
W10 2053.4 876.907 4261.51
G162 5223.3 2230.61 10840.1
G161 9005.02 3845.6 18688.5
G160 7466.59 3188.61 15495.7
G132 9692.18 4139.05 20114.6
G131 10335.9 4413.96 21450.5
G130 7896.85 3372.35 16388.6
G102 10728.5 4581.63 22265.3
G101 12461.1 5321.51 25860.9
G100 7458.3 3185.07 15478.5
G72 8075.75 3448.75 16759.9
G71 8256.56 3525.97 17135.2
G70 12015.2 5131.1 24935.6
G42 8631.98 3686.29 17914.3
G41 11697.2 4995.29 24275.6
G40 12773 5454.71 26508.3
G12 9133.18 3900.33 18954.4
G11 11694.3 4994.07 24269.7
G10 10941 4672.38 22706.4
W691 5268.93 2250.1 10934.8
W657 3287.12 1403.76 6821.88
W658 3882.46 1658 8057.41
W624 6794.91 2901.77 14101.7
W656 3206.87 1369.49 6655.34
W622 5690.75 2430.24 11810.2
W623 4794.97 2047.7 9951.19
W862 3762.3 1606.69 7808.05
W828 5504.13 2350.54 11422.9
W860 5170.13 2207.9 10729.8
W826 3505 1496.81 7274.06
W827 3833.5 1637.1 7955.81
W793 3858.29 1647.69 8007.27
W794 6474.27 2764.84 13436.3
W760 2687.57 1147.73 5577.61
W792 3461.1 1478.06 7182.96
W758 4194.28 1791.17 8704.56
W759 3611.73 1542.39 7495.56
W725 3574.58 1526.53 7418.47
W726 4078.56 1741.75 8464.39
W692 5668.7 2420.82 11764.5
W724 4401.48 1879.65 9134.55
W690 3080.47 1315.51 6393.01
W117 2175.38 928.995 4514.64
W116 1693.38 723.16 3514.34
W115 3781.31 1614.81 7847.49
W114 3323.43 1419.27 6897.23
W113 2985.82 1275.09 6196.58
W112 4363.85 1863.58 9056.46
W82 541.773 231.364 1124.36
W248 5389.16 2301.44 11184.3
W216 5242.48 2238.8 10879.9
W215 7022.91 2999.14 14574.9
W214 5024.67 2145.79 10427.9
W185 5251.75 2242.76 10899.2
W184 3180.14 1358.08 6599.86
W183 2309.01 986.061 4791.97
W182 3341.25 1426.88 6934.21
W181 3491.97 1491.25 7247.01
W180 3875.62 1655.08 8043.22
W151 2247.06 959.608 4663.41
W150 1484.02 633.752 3079.85
W149 2031.8 867.682 4216.68
W148 6725.95 2872.32 13958.6
W147 1768.32 755.16 3669.86
W146 2627.22 1121.95 5452.37
W1068 4651.58 1986.46 9653.6
W1100 4522.99 1931.55 9386.74
W1066 6051.97 2584.49 12559.9
W1098 2744.24 1171.93 5695.22
W1064 3465.4 1479.9 7191.87
W1067 4504.9 1923.82 9349.19
W1034 6073.09 2593.51 12603.7
W1065 5074.59 2167.11 10531.5
W1032 5278.94 2254.37 10955.6
W1035 5543.24 2367.24 11504.1
W1030 2621.22 1119.39 5439.93
W1033 4168.83 1780.3 8651.74
W1000 6244.84 2666.86 12960.1
W1031 4607.03 1967.43 9561.14
W998 5127.14 2189.55 10640.6
W1001 7594.97 3243.43 15762.1
W996 7297.11 3116.23 15144
W999 5031.41 2148.66 10441.9
W966 6095.91 2603.26 12651.1
W997 4004.84 1710.27 8311.39
W964 2875.7 1228.07 5968.04
W967 6889.62 2942.22 14298.3
W962 4939.93 2109.6 10252
W965 5454.86 2329.5 11320.7
W929 5496.77 2347.4 11407.7
W963 5114.64 2184.21 10614.6
W896 6010.36 2566.72 12473.5
W930 2875.29 1227.89 5967.19
W894 3176.14 1356.37 6591.56
W928 4454.78 1902.42 9245.18
W861 4541.19 1939.32 9424.51
W895 6481.93 2768.11 13452.2
W589 5131.88 2191.57 10650.4
W590 4134.13 1765.48 8579.71
W556 1905.5 813.745 3954.56
W588 3072.76 1312.22 6377.02
W554 2982.27 1273.58 6189.22
W555 4224.89 1804.24 8768.07
W521 4075.98 1740.65 8459.03
W522 4104.04 1752.63 8517.27
W488 3227.43 1378.27 6698
W520 4854.49 2073.11 10074.7
W486 3494.15 1492.18 7251.55
W487 4027.46 1719.93 8358.35
W453 3529.17 1507.13 7324.21
W454 1051.25 448.937 2181.7
W420 3195.74 1364.74 6632.24
W452 5168.38 2207.16 10726.1
W418 4894.81 2090.33 10158.4
W419 3640.48 1554.67 7555.22
W385 3459.53 1477.39 7179.7
W386 2293.81 979.57 4760.42
W352 4471.73 1909.65 9280.35
W384 4561.97 1948.19 9467.63
W350 3744.48 1599.08 7771.07
W351 2306.62 985.041 4787.01
W317 3339.39 1426.09 6930.37
W318 3733.48 1594.38 7748.23
W284 2345.44 1001.62 4867.58
W316 3627.66 1549.2 7528.63
W282 4201.14 1794.1 8718.79
W283 2859.45 1221.13 5934.32
W249 7062.58 3016.08 14657.2
W250 4728.64 2019.37 9813.52
W1135 3150.63 1345.48 6538.63
W1101 5720.79 2443.06 11872.6
W1133 3547.37 1514.9 7361.99
W1099 3888.79 1660.71 8070.56
W1102 4991.4 2131.58 10358.8
G880 5647.02 2411.56 11719.5
G882 6253.14 2670.4 12977.4
G851 5326.14 2274.53 11053.5
G881 6267.72 2676.63 13007.6
G822 5386.01 2300.1 11177.8
G852 4986.25 2129.38 10348.1
G820 6785.14 2897.6 14081.5
G850 5804.38 2478.76 12046.1
G791 4415.82 1885.78 9164.32
G821 3981.81 1700.43 8263.6
G762 5899.67 2519.46 12243.8
G792 4369.87 1866.16 9068.96
G760 2699.27 1152.73 5601.91
G790 3714.95 1586.47 7709.78
G731 4716.52 2014.19 9788.37
G761 6943.2 2965.1 14409.5
W1136 4176.91 1783.75 8668.5
G732 641.737 274.054 1331.82
W1134 4728.66 2019.38 9813.58
G730 3714.69 1586.36 7709.23
W1132 3256.82 1390.83 6759.01
W175 5624.25 2401.84 11672.2
W174 2864.05 1223.09 5943.87
W145 2604.29 1112.16 5404.78
W144 3559.7 1520.17 7387.58
W143 5353.52 2286.22 11110.4
W142 4748.45 2027.83 9854.65
W141 3570.66 1524.85 7410.33
W140 3159.6 1349.31 6557.23
W111 3786.38 1616.97 7858.01
W110 3874.67 1654.68 8041.26
W109 4201.64 1794.31 8719.83
W108 5347.71 2283.74 11098.3
W107 5167.91 2206.96 10725.2
W106 3134.04 1338.39 6504.2
W77 2697.79 1152.09 5598.82
W76 4239.18 1810.34 8797.73
W75 4877.94 2083.12 10123.4
W74 3965.49 1693.46 8229.74
W73 3691.66 1576.53 7661.45
W72 2095.02 894.678 4347.87
W43 5992.28 2559 12436
W42 2324.31 992.595 4823.72
W41 2612.26 1115.56 5421.32
W40 4157.8 1775.59 8628.83
W39 3992.97 1705.2 8286.77
W38 2155.95 920.699 4474.32
W9 1511.69 645.566 3137.26
W8 2535.65 1082.85 5262.33
W7 5208.12 2224.13 10808.6
W6 786.587 335.912 1632.43
W5 4454.56 1902.32 9244.72
W4 3370.72 1439.47 6995.39
W620 4592.65 1961.29 9531.3
W617 5099.09 2177.57 10582.3
W618 5172.66 2208.98 10735
W587 3466.64 1480.43 7194.45
W616 4385.57 1872.86 9101.54
W585 3637.11 1553.23 7548.23
W586 4530.05 1934.56 9401.38
W720 2695.56 1151.14 5594.2
W689 5004.04 2136.98 10385.1
W718 4980.45 2126.9 10336.1
W687 3164.59 1351.44 6567.6
W688 4366.18 1864.58 9061.29
W685 2643.82 1129.05 5486.83
W686 3673.49 1568.76 7623.73
W655 6775.44 2893.45 14061.3
W684 6236.35 2663.23 12942.5
W653 3169.05 1353.34 6576.84
W654 7025.81 3000.37 14580.9
W651 5027.29 2146.91 10433.3
W652 2933.37 1252.7 6087.73
W621 3518.66 1502.65 7302.42
W650 5268.21 2249.79 10933.3
W619 4201.11 1794.09 8718.73
W213 6713.61 2867.05 13933
W212 5004.4 2137.13 10385.8
W211 6108.24 2608.52 12676.7
W179 3956.15 1689.48 8210.35
W178 5443.52 2324.66 11297.1
W177 5812.61 2482.28 12063.1
W176 4858.08 2074.64 10082.2
W412 3474.52 1483.8 7210.81
W383 3729.34 1592.61 7739.64
W382 3741.36 1597.75 7764.58
W381 4617.19 1971.77 9582.24
W349 2856.56 1219.9 5928.33
W348 4446.3 1898.79 9227.58
W347 4836.03 2065.23 10036.4
W315 5892.63 2516.45 12229.2
W314 4568.01 1950.77 9480.17
W313 3422.27 1461.48 7102.37
W281 3453.67 1474.89 7167.53
W280 3408.19 1455.47 7073.15
W279 3046.23 1300.89 6321.96
W247 2130.29 909.74 4421.07
W246 5054.96 2158.72 10490.7
W245 5812.27 2482.13 12062.4
W991 4471.19 1909.42 9279.23
W994 4029.39 1720.75 8362.34
W961 6112.95 2610.54 12686.4
W992 5338.3 2279.72 11078.8
W959 4542.27 1939.78 9426.74
W990 3392.55 1448.79 7040.68
W957 5916.03 2526.44 12277.8
W960 5302.48 2264.43 11004.4
W927 6025.91 2573.37 12505.8
W958 8820.88 3766.96 18306.3
W925 2585.05 1103.94 5364.85
W956 4543.33 1940.23 9428.94
W892 3023.35 1291.12 6274.47
W926 6547.8 2796.24 13588.9
W859 4815.81 2056.59 9994.44
W893 4844.41 2068.81 10053.8
W857 6659.89 2844.11 13821.5
W891 4284.8 1829.83 8892.41
W824 4271.06 1823.96 8863.9
W858 6261.89 2674.14 12995.5
W791 5320.91 2272.3 11042.7
W825 4348.59 1857.07 9024.8
W789 6908.78 2950.4 14338
W823 3305.69 1411.7 6860.42
W756 6599.66 2818.38 13696.5
W790 5774.14 2465.85 11983.3
W723 4116.73 1758.05 8543.61
W757 4192 1790.19 8699.81
W721 3785.69 1616.68 7856.59
W755 2929.67 1251.12 6080.06
W719 5232.05 2234.35 10858.3
W722 5608.95 2395.3 11640.5
W583 6667.71 2847.45 13837.7
W584 2506.15 1070.25 5201.1
W553 6581.84 2810.78 13659.6
W582 5486.52 2343.02 11386.4
W551 4850.26 2071.31 10065.9
W552 3888.11 1660.42 8069.14
W549 4247.98 1814.1 8816
W550 5305.65 2265.78 11011
W519 3732.06 1593.78 7745.29
W548 4266.14 1821.86 8853.69
W517 7020.32 2998.03 14569.5
W518 3371.35 1439.73 6996.69
W515 5434.33 2320.73 11278.1
W516 2547.02 1087.71 5285.93
W485 3682.35 1572.55 7642.12
W514 5477.43 2339.14 11367.5
W483 6350.28 2711.89 13179
W484 3212.43 1371.87 6666.87
W481 4091.43 1747.25 8491.11
W482 4744.23 2026.02 9845.88
W451 5223.67 2230.77 10840.9
W480 3172.55 1354.84 6584.12
W449 3849.23 1643.81 7988.45
W450 3286.98 1403.71 6821.6
W447 5455.76 2329.88 11322.6
W448 5400.57 2306.32 11208
W417 4571.49 1952.25 9487.38
W446 5918.98 2527.7 12283.9
W415 4776.84 2039.95 9913.56
W416 3735.69 1595.33 7752.82
W413 5874.27 2508.61 12191.1
W414 5070.86 2165.51 10523.8
W1028 6103.05 2606.31 12665.9
W995 4239.76 1810.59 8798.94
W1026 6178.17 2638.39 12821.8
W993 3788.18 1617.74 7861.75
W1024 2148.1 917.347 4458.03
W1129 5606.69 2394.34 11635.8
W1131 4049.24 1729.23 8403.54
W1127 5919.7 2528.01 12285.4
W1130 4300.21 1836.41 8924.39
W1097 3980.1 1699.7 8260.05
W1128 6567.92 2804.83 13630.7
W1095 4626.44 1975.72 9601.42
W1126 5184.52 2214.05 10759.6
W1093 3015.23 1287.66 6257.63
W1096 4343.95 1855.08 9015.16
W1063 4893.79 2089.9 10156.3
W1094 5035.74 2150.51 10450.9
W1061 1912.62 816.786 3969.34
W1092 4401.48 1879.65 9134.56
W1059 3668.27 1566.54 7612.9
W1062 4909.04 2096.41 10187.9
W1029 5363.42 2290.45 11130.9
W1060 3624.24 1547.73 7521.53
W1027 5996.3 2560.72 12444.3
W1058 6720.61 2870.04 13947.5
W1025 7232.77 3088.75 15010.4
W137 4754.05 2030.22 9866.27
W138 7183.09 3067.54 14907.3
W104 3735.08 1595.07 7751.56
W105 4478.15 1912.39 9293.67
W71 3068.22 1310.29 6367.6
W103 5332.35 2277.18 11066.4
W69 3732.39 1593.92 7745.97
W70 3078.89 1314.84 6389.74
W36 3359.31 1434.59 6971.7
W37 4171.76 1781.55 8657.8
W3 3097.15 1322.64 6427.64
W35 4897.54 2091.5 10164.1
W1 7661.01 3271.64 15899.2
W2 3254.37 1389.78 6753.92
G158 8863.4 3785.12 18394.6
G159 7259.14 3100.02 15065.2
G129 5349.74 2284.61 11102.5
G157 11235.1 4797.93 23316.5
G127 7466.21 3188.45 15494.9
G128 7376.29 3150.04 15308.3
G98 11368.5 4854.9 23593.4
G99 10539.3 4500.82 21872.6
G69 13927.6 5947.78 28904.5
G97 11346.1 4845.35 23547
G67 8307.45 3547.7 17240.8
G68 7641.36 3263.24 15858.4
G38 7876.83 3363.8 16347.1
G39 9001.42 3844.06 18681
G9 9780.12 4176.6 20297.1
G37 7800.92 3331.39 16189.6
G7 7508.5 3206.51 15582.7
G8 13978.7 5969.59 29010.5
W819 7435.61 3175.38 15431.4
W820 7103.26 3033.45 14741.7
W817 6447.29 2753.31 13380.3
W818 3834.71 1637.61 7958.32
W787 6090.61 2601 12640.1
W788 7396.77 3158.79 15350.8
W785 6375.93 2722.84 13232.2
W786 6797.35 2902.81 14106.8
W783 6391.21 2729.37 13263.9
W784 2675.19 1142.44 5551.92
W753 3657.55 1561.96 7590.65
W754 2977.93 1271.73 6180.22
W751 4328.9 1848.66 8983.93
W752 3472.08 1482.75 7205.74
W749 5436.57 2321.69 11282.7
W750 4298.68 1835.75 8921.21
W716 5702.36 2435.19 11834.3
W717 9065.42 3871.39 18813.8
W683 5658.88 2416.63 11744.1
W715 3700.69 1580.38 7680.19
W681 6400.79 2733.46 13283.8
W682 4666.49 1992.82 9684.54
W648 4941.72 2110.36 10255.7
W649 6510.1 2780.14 13510.7
W615 1598.35 682.578 3317.13
W647 7481.33 3194.9 15526.3
W613 4643.44 1982.98 9636.71
W614 4168.84 1780.3 8651.75
W580 3558.99 1519.87 7386.12
W581 2141.02 914.322 4443.34
W547 4779.25 2040.98 9918.55
W579 2947.94 1258.92 6117.97
W208 5079.25 2169.09 10541.2
W205 6357.34 2714.9 13193.6
W206 4170.34 1780.95 8654.87
W172 2507.85 1070.98 5204.63
W173 4479.89 1913.14 9297.29
W139 2464.69 1052.55 5115.06
W171 6589.19 2813.91 13674.8
W277 2865.25 1223.61 5946.37
W278 5063.5 2162.37 10508.5
W275 5208.63 2224.34 10809.7
W276 4511.13 1926.48 9362.12
W273 7475.77 3192.53 15514.8
W274 4431.3 1892.39 9196.45
W243 2424.05 1035.19 5030.73
W244 2872 1226.49 5960.36
W241 2740.95 1170.52 5688.4
W242 5028.03 2147.22 10434.9
W239 4074.68 1740.1 8456.35
W240 6103.61 2606.55 12667
W209 3684.42 1573.43 7646.42
W210 3196.76 1365.18 6634.35
W207 5400.88 2306.45 11208.7
W854 7338.89 3134.08 15230.7
W851 6063.34 2589.35 12583.5
W852 6761.18 2887.36 14031.7
W821 6001.53 2562.96 12455.2
W822 6190.67 2643.73 12847.7
W955 3913.56 1671.29 8121.96
W987 3231.62 1380.06 6706.7
W953 6281.3 2682.43 13035.8
W954 4082.29 1743.34 8472.13
W923 5285.51 2257.18 10969.2
W924 5384.86 2299.61 11175.4
W921 4128.47 1763.06 8567.97
W922 5337.44 2279.36 11077
W919 7703.31 3289.7 15987
W920 3784.72 1616.27 7854.58
W889 5129.41 2190.51 10645.3
W890 6441.48 2750.84 13368.3
W887 5777.45 2467.26 11990.2
W888 5417.31 2313.46 11242.8
W885 4614.69 1970.71 9577.05
W886 4817.55 2057.34 9998.05
W855 4497.26 1920.56 9333.34
W856 5739.79 2451.18 11912
W853 3479.78 1486.04 7221.73
W545 3041 1298.66 6311.11
W546 4421.8 1888.33 9176.74
W512 4374.03 1867.93 9077.59
W513 1721.04 734.972 3571.75
W479 4059.06 1733.42 8423.91
W511 4305.27 1838.57 8934.89
W477 5143.8 2196.66 10675.1
W478 4142.85 1769.21 8597.82
W444 4552.75 1944.25 9448.5
W445 4498.83 1921.23 9336.6
W411 3066.94 1309.74 6364.95
W443 3203.26 1367.95 6647.85
W409 5136.09 2193.37 10659.1
W410 5092.55 2174.78 10568.8
W379 2810.34 1200.15 5832.4
W380 5072.34 2166.14 10526.8
W377 4672.69 1995.47 9697.42
W378 3636.11 1552.8 7546.15
W375 4306.79 1839.21 8938.04
W376 2290.08 977.98 4752.69
W345 3807.07 1625.81 7900.97
W346 5327.32 2275.03 11056
W343 3669.67 1567.13 7615.8
W344 3887.3 1660.07 8067.46
W341 4116.28 1757.86 8542.67
W342 1747.52 746.28 3626.7
W311 3623.57 1547.45 7520.14
W312 3728.27 1592.16 7737.42
W309 4268.97 1823.06 8859.55
W310 2692.53 1149.84 5587.91
W307 5062.11 2161.78 10505.6
W308 7567.46 3231.69 15705
G878 5247.63 2241 10890.6
G879 6916.6 2953.74 14354.3
G849 8561.38 3656.14 17767.7
G877 4497.05 1920.47 9332.91
G847 2249.68 960.727 4668.85
G848 2497.77 1066.67 5183.71
G818 5147.76 2198.35 10683.3
G819 4565.96 1949.89 9475.91
G789 7085.51 3025.87 14704.8
G817 9143.25 3904.63 18975.3
G787 8181.16 3493.77 16978.7
G788 4515.86 1928.5 9371.93
G758 8055.01 3439.9 16716.9
G759 3221.36 1375.68 6685.41
G729 5317.6 2270.88 11035.8
G757 7529.66 3215.54 15626.6
G727 5131.87 2191.56 10650.4
G728 3755.17 1603.65 7793.26
W1124 2639.17 1127.06 5477.17
W1125 3342.74 1427.52 6937.31
W1091 3642.18 1555.39 7558.75
W1123 6134.97 2619.94 12732.1
W1089 5846.87 2496.91 12134.2
W1090 6623.23 2828.45 13745.4
W1056 4920.96 2101.5 10212.7
W1057 4963.89 2119.83 10301.8
W1023 5662.83 2418.31 11752.3
W1055 9380.94 4006.13 19468.6
W1021 5363.26 2290.38 11130.6
W1022 4611.66 1969.41 9570.75
W988 1394.15 595.372 2893.33
W989 4411.59 1883.97 9155.53
G152 4765.52 2035.12 9890.07
G151 10379.6 4432.62 21541.2
G126 10014.8 4276.82 20784.1
G125 5388.03 2300.96 11182
G124 5470.19 2336.04 11352.5
G123 7412.52 3165.52 15383.5
G122 4557.05 1946.09 9457.41
G121 8203.8 3503.43 17025.7
G96 8185.81 3495.75 16988.3
G95 9521.66 4066.23 19760.7
G94 6165.74 2633.08 12796
G93 6307.05 2693.43 13089.3
G92 8741.27 3732.96 18141.1
G91 10403.1 4442.63 21589.9
G66 12744.4 5442.51 26449
G65 12871.1 5496.6 26711.8
G64 11660.3 4979.53 24199.1
G63 9056.83 3867.72 18796
G62 13513.3 5770.88 28044.8
G61 8090.62 3455.1 16790.8
G36 6487.7 2770.57 13464.2
G35 9516.12 4063.86 19749.2
G34 1813.36 774.397 3763.34
G33 6150.71 2626.66 12764.8
G32 9784.71 4178.56 20306.6
G31 6462.03 2759.61 13410.9
G6 10189.8 4351.58 21147.4
G5 10256.3 4379.94 21285.2
G4 10052.5 4292.9 20862.2
G3 13176.4 5627 27345.6
G2 8471.13 3617.6 17580.5
G1 9460.34 4040.04 19633.4
G602 7422.77 3169.9 15404.8
G601 7070.11 3019.29 14672.9
G576 5079.59 2169.24 10541.9
G575 6485.1 2769.46 13458.8
G574 10226.1 4367.08 21222.7
G573 4285.67 1830.2 8894.21
G572 6541.29 2793.46 13575.4
G571 6984.16 2982.59 14494.5
G546 7011.64 2994.32 14551.5
G545 7817.84 3338.61 16224.7
G544 6535.29 2790.9 13562.9
G543 7187.6 3069.46 14916.7
G542 6197.32 2646.57 12861.5
G541 7291.76 3113.95 15132.9
G516 4236.52 1809.21 8792.21
G515 7049.09 3010.32 14629.2
G514 5856.89 2501.19 12155
G513 4639.23 1981.18 9627.96
G512 6519.55 2784.17 13530.3
G511 6046.98 2582.36 12549.5
G486 3285.75 1403.18 6819.05
G485 5238.49 2237.1 10871.6
G484 6340.67 2707.78 13159
G483 3379.66 1443.28 7013.93
G482 7594.47 3243.22 15761.1
G481 6206.09 2650.31 12879.7
G456 6989.76 2984.98 14506.1
G455 9775.23 4174.51 20286.9
G454 7857.63 3355.6 16307.2
G453 6285.28 2684.13 13044.1
G452 8388.3 3582.23 17408.6
G451 5319.41 2271.65 11039.6
G181 7132.9 3046.11 14803.2
G156 5133.83 2192.4 10654.4
G155 9877 4217.98 20498.1
G154 11524.3 4921.46 23916.8
G153 5762.7 2460.96 11959.5
G274 5195.13 2218.58 10781.7
G273 5571.27 2379.21 11562.3
G272 6254.51 2670.99 12980.2
G271 7154.66 3055.4 14848.3
G246 8210.87 3506.46 17040.3
G245 7316.01 3124.3 15183.2
G244 5554.3 2371.96 11527
G243 9042.05 3861.41 18765.3
G242 6698.67 2860.67 13902
G241 6340.43 2707.68 13158.5
G216 4661.94 1990.88 9675.1
G215 9203.48 3930.35 19100.3
G214 7209.43 3078.79 14962
G213 9405.96 4016.82 19520.5
G212 8741.54 3733.08 18141.7
G211 3615.76 1544.11 7503.93
G186 4515.3 1928.26 9370.78
G185 5953.34 2542.38 12355.2
G184 8661.9 3699.07 17976.4
G183 5269.64 2250.4 10936.3
G182 5904.32 2521.44 12253.5
G631 7031.04 3002.61 14591.8
G606 13007.2 5554.72 26994.3
G605 10827.8 4624.02 22471.4
G604 6013.22 2567.95 12479.5
G603 5391.55 2302.46 11189.3
G724 14527.9 6204.16 30150.4
G723 6932.69 2960.61 14387.7
G722 6668.77 2847.9 13839.9
G721 5401.54 2306.73 11210
G696 11095.7 4738.43 23027.3
G695 9545.55 4076.43 19810.2
G694 6616.24 2825.47 13730.9
G693 7225.84 3085.8 14996.1
G692 3950.37 1687.01 8198.36
G691 4316.01 1843.15 8957.18
G666 7456.81 3184.43 15475.4
G665 6356 2714.33 13190.9
G664 5030.16 2148.13 10439.3
G663 7802.26 3331.96 16192.3
G662 6037.59 2578.35 12530
G661 6100.46 2605.2 12660.5
G636 8041.09 3433.95 16688
G635 6922.58 2956.29 14366.7
G634 8412.51 3592.56 17458.8
G633 5615.95 2398.29 11655
G632 10680.8 4561.22 22166.2
G426 3961.84 1691.9 8222.15
G425 6310.58 2694.94 13096.6
G424 5871.95 2507.62 12186.3
G423 7189.64 3070.34 14920.9
G422 8155.45 3482.79 16925.3
G421 11812 5044.3 24513.8
G396 7721.81 3297.6 16025.4
G395 5396.24 2304.47 11199
G394 5920.63 2528.41 12287.3
G393 6249.12 2668.69 12969
G392 6045.4 2581.69 12546.2
G391 5610 2395.75 11642.6
G366 5773.94 2465.76 11982.9
G365 5208.6 2224.33 10809.6
G364 5266.89 2249.23 10930.6
G363 2949.16 1259.44 6120.5
G362 5943.59 2538.21 12335
G361 6583.24 2811.37 13662.5
G336 4198.95 1793.16 8714.25
G335 6355.86 2714.27 13190.6
G334 4589.93 1960.13 9525.66
G333 6082.73 2597.63 12623.7
G332 4819.78 2058.29 10002.7
G331 8644.25 3691.53 17939.7
G306 4609.63 1968.54 9566.54
G305 5384.29 2299.36 11174.2
G304 3212.9 1372.07 6667.84
G303 5619.35 2399.75 11662.1
G302 4767.09 2035.79 9893.33
G301 8930.33 3813.7 18533.5
G276 7208.81 3078.53 14960.7
G275 5115.27 2184.48 10615.9
G876 2957.01 1262.79 6136.79
G875 6592.99 2815.54 13682.7
G874 6998.21 2988.59 14523.7
G873 5875.97 2509.33 12194.6
G872 7700.28 3288.41 15980.7
G871 9263.34 3955.91 19224.6
G846 6028.99 2574.68 12512.2
G845 4562.26 1948.31 9468.23
G844 4960.31 2118.3 10294.3
G843 5066.79 2163.77 10515.3
G842 6743.19 2879.68 13994.4
G841 4858.62 2074.88 10083.3
G816 2670.76 1140.55 5542.74
G815 6087.36 2599.61 12633.3
G814 3434.87 1466.86 7128.51
G813 4667.68 1993.33 9687.01
G812 9227.93 3940.79 19151.1
G811 4768.57 2036.42 9896.4
G786 6529.19 2788.29 13550.3
G785 7228.1 3086.76 15000.8
G784 4794.68 2047.57 9950.58
G783 7326.33 3128.71 15204.6
G782 5377.2 2296.34 11159.5
G781 8138.88 3475.71 16890.9
G756 6984.01 2982.52 14494.2
G755 7016.61 2996.45 14561.8
G754 9553.51 4079.83 19826.8
G753 4472.16 1909.84 9281.25
G752 5775.48 2466.42 11986.1
G751 5630.17 2404.36 11684.5
G726 9371.66 4002.17 19449.4
G725 7697.41 3287.18 15974.7
