1 0.208738 0.0361654 6.771
2 0.15882 0.0748225 23.7383
3 0.167283 0.0630214 32.8172
4 0.174392 0.0486118 7.05992
5 0.156626 0.0472079 2.40206
6 0.142477 0.0611982 13.9175
7 0.21346 0.0311714 1.23016
8 0.130005 0.0620546 15.8742
9 0.176753 0.0382754 5.46572
10 0.174045 0.049445 2.80318
11 0.161688 0.0535882 3.45026
12 0.207736 0.0324379 10.3026
13 0.286739 0.0196486 15.2209
14 0.265982 0.0305343 16.164
15 0.148418 0.0709464 11.4331
16 0 0 0
17 0.152549 0.0609057 7.48583
18 0.170668 0.0415857 6.27595
19 0.164072 0.0844471 19.6186
20 0.217186 0.032025 7.51853
21 0.150087 0.0479853 7.44796
22 0.11008 0.0778518 26.772
23 0.223762 0.0358214 6.05314
24 0.123422 0.0515064 2.52576
25 0.12031 0.0512307 4.88777
26 0.13197 0.0680039 54.6913
27 0.172443 0.0540679 16.4788
28 0.159134 0.0855136 23.7158
29 0.13998 0.0581036 11.0504
30 0.108748 0.0549639 4.88824
31 0.175556 0.0381679 0.389655
32 0.225346 0.0363732 8.12686
33 0.259622 0.0306235 0.84604
34 0.223065 0.0240264 5.16684
35 0.23611 0.0361586 7.58697
36 0.24578 0.0323818 4.5712
37 0.23042 0.0330672 3.22823
38 0.174688 0.0513 1.90807
39 0.18213 0.0569554 14.2202
40 0.131623 0.0521768 5.24262
41 0.149752 0.0542197 5.49097
42 0.200692 0.0441843 2.47683
43 0.181052 0.0406961 2.04941
44 0.150604 0.0386625 57.307
45 0.228877 0.0171318 6.02348
46 0.193106 0.0246304 3.85519
47 0.226145 0.0333975 0.908615
48 0.148012 0.0483871 2.10634
49 0.22811 0.0369071 4.67702
50 0.174517 0.0280339 1.35715
51 0.154833 0.0457107 3.05114
52 0.297111 0.012485 26.3612
53 0.139666 0.0780571 11.8303
54 0.42395 -0.00437035 11.1244
55 0.190138 0.0342878 6.27837
56 0.185144 0.02852 1.80579
57 0.192233 0.0344418 21.019
58 0.187096 0.0598375 12.2282
59 0.172009 0.0340446 7.4153
60 0.132148 0.0421446 3.8015
61 0.187267 0.0595911 2.33273
62 0.110324 0.060305 16.5032
63 0.209395 0.0188132 3.38674
64 0.162528 0.0532264 7.36823
65 0.124719 0.0503414 8.6112
66 0.144745 0.0507728 7.71947
67 0.213933 0.0344478 3.51766
68 0.197233 0.0392704 1.06063
69 0.151241 0.0518857 2.2689
70 0.15233 0.0627725 21.9672
71 0.1753 0.0578239 13.1226
72 0.172589 0.0674768 17.5305
73 0.169979 0.0458107 11.3898
74 0.322838 0.464315 37178.6
75 0.205457 0.00910357 30.5178
76 0.13829 0.07676 14.7879
77 0.125267 0.0670554 30.0537
78 0.228483 0.0350521 8.19796
79 0.202897 0.0297964 0.232062
80 0.187124 0.0203029 2.58947
81 0.253145 0.0587489 4.02116
82 0.123288 0.0581414 4.26124
83 0.2064 0.0322307 1.56066
84 0.134655 0.0493579 6.35047
85 0.178171 0.0317254 0.740498
86 0.1763 0.0512407 8.34867
87 0.23022 0.0334989 18.1987
88 0.140754 0.0436011 16.5343
89 0.199445 0.0482525 5.11197
90 0.271385 0.0287868 13.66
91 0.196309 0.0791525 9.38042
92 0.199296 0.0414971 3.1495
93 0.248926 0.0203971 13.6206
94 0.198578 0.0339436 5.81396
95 0.170667 0.0819153 7.94536
96 0.188203 0.0348393 2.55906
97 0.145193 0.053755 4.80782
98 0.126551 0.0635539 9.63776
99 0.187985 0.0312257 100.646
100 0.188874 0.0192979 12959
101 0.101769 0.0484651 5313.85
102 0.151219 -0.0538966 7070.13
103 0.123054 -0.0181221 779.554
104 0.129874 0.0302857 7766.27
105 0.153147 0.0893139 6835.6
106 0.212394 0.0315786 824.91
107 0 0 0
108 0.23239 0.00291572 81.0478
109 0.157563 0.0511982 1.28361
110 0.120636 0.0655993 18.1356
111 0.191042 0.068535 44.188
112 0.250164 0.0398304 13.8276
113 0.207259 0.0238814 4.89813
114 0.162826 0.0356125 0.814651
115 0.181485 0.00714893 1.54058
116 0.196981 0.0363882 16.2541
117 0.202878 0.0371175 6.04739
118 0.206916 0.02017 22.218
119 0.239775 0.0240404 47.6651
120 0.168474 0.0459271 6.90479
121 0.241342 0.0788225 29.0349
122 0.232407 0.0183689 19.6789
123 0.20698 0.0436364 19.5663
124 0.239887 0.0447457 23.3903
125 0.279748 0.0414136 26.6442
126 0.24076 0.0311793 27.8642
127 0.260275 0.0258279 9.73213
128 0.218291 0.0569386 21.7499
129 0.259782 -0.00267318 32964.7
130 -0.0205425 0.114831 2243.57
131 0.0137487 0.0820433 1719.48
132 0.00254178 0.0780534 1927.2
133 0.0113318 0.0854746 1700.5
134 -0.0218732 0.118035 2372.73
135 -0.0178692 0.135611 408.245
136 0.0814536 0.274651 99981.6
137 -2.22754 4.89039 5.3709e+06
138 0.219741 0.0371189 1443.34
139 0.265455 0.0759286 131.097
140 0.215217 0.0521686 39.0704
141 0.246534 -0.0142057 506.292
142 0.159304 0.0885489 59.435
143 0.209727 0.06666 34.4219
144 0.240061 0.0412222 6.07521
145 0.191832 0.0735286 28.7153
146 0.102441 0.0454343 7.63012
147 0.197212 0.0439993 29.8861
148 0.166518 0.0543382 7.5454
149 0.129336 0.0568896 12.6863
150 0.173296 0.0388157 0.727104
151 0.167849 0.05781 11.5844
152 0.260594 0.0337568 8.30095
153 0.228164 0.0339714 10.3821
154 0.196053 0.00983358 10.2854
155 0.126191 0.0619653 32.9398
156 0.227429 0.0372814 26.5844
157 0.155942 0.0694411 30.555
158 0.211055 0.0321786 29.5455
159 0.208351 0.0444661 102.254
160 0.133491 0.0372278 2140.49
161 0.0216326 0.73551 4.76958e+06
162 0.215577 -0.0407929 8464.03
163 0.206304 -0.0532146 9683.47
164 0.260258 -0.0376039 28831.1
165 0.158215 0.0759503 9140.18
166 1.78776 4.95364 4.74195e+06
167 0.304603 -0.0697647 22228.4
168 0.207208 0.00568285 209.807
169 0.192012 0.0848725 33.4465
170 0.156966 0.0743036 4907.39
171 0.0328677 0.023786 191.797
172 0.186381 0.001515 3618.92
173 0.207977 0.0378154 16.6281
174 0.137259 0.0495654 4.95309
175 0.203589 0.0246139 2.39527
176 0.226422 0.0293132 9.53361
177 0.173897 0.0298732 35.1744
178 0.138519 0.0419421 4.14946
179 0.185792 0.0375929 17.382
180 0.187748 0.100469 74.3728
181 0.209694 0.0564286 29.7716
182 0.232571 0.0452914 4.26018
183 0.227588 0.0289146 21.7419
184 0.184146 0.060655 23.8844
185 0.171651 0.0716871 3.79784
186 0.226955 0.022495 3.01069
187 0 0 0
188 0 0 0
189 0 0 0
190 0 0 0
191 0 0 0
192 0 0 0
193 0 0 0
194 0 0 0
195 0 0 0
196 0 0 0
197 0 0 0
198 0 0 0
199 0 0 0
200 0 0 0
201 0 0 0
202 0 0 0
203 0 0 0
204 0 0 0
205 0.145404 0.0460218 2.18778
206 0.214481 0.0274264 5.08766
207 0.120674 0.0551914 5.1802
208 0.199569 0.0749979 42.3048
209 0.184362 0.0414207 5.51471
210 0.146394 0.0714218 13.6622
211 0.383038 0.0404793 24.8981
212 0.1999 0.0481414 3.22766
213 0.19156 0.0505871 55.8292
214 0.176691 0.0772289 6.12013
215 0.169745 0.0601307 11.6173
216 0.207246 0.0463 5.87832
217 0 0 0
218 0 0 0
219 0 0 0
220 0 0 0
221 0 0 0
222 0 0 0
223 0 0 0
224 0 0 0
225 0 0 0
226 0 0 0
227 0 0 0
228 0 0 0
229 0 0 0
230 0 0 0
231 0 0 0
232 0 0 0
233 0 0 0
234 0 0 0
235 0.157129 0.0478325 9.2529
236 0.161085 0.0444975 10.2847
237 0.172591 0.0462925 14.7964
238 0.17785 0.0267643 8.28291
239 0.149621 0.0474057 14.725
240 0.137112 0.0425047 12.9928
241 0.264639 0.0889382 30.2149
242 0.223682 0.0382829 43.8222
243 0.168126 0.0697668 26.4971
244 0.238547 0.0242339 31.1854
245 0.233189 0.0473243 13.9686
246 0.199958 0.0434057 4.71035
247 0 0 0
248 0 0 0
249 0 0 0
250 0 0 0
251 0 0 0
252 0 0 0
253 0 0 0
254 0 0 0
255 0 0 0
256 0 0 0
257 0 0 0
258 0 0 0
259 0 0 0
260 0 0 0
261 0 0 0
262 0 0 0
263 0 0 0
264 0 0 0
265 0.175562 0.0358579 1.8984
266 0.208843 0.0251675 5.65002
267 0.16692 0.0306868 7.17269
268 0.173761 0.0425193 3.90473
269 0.120108 0.0494264 10.7813
270 0.109026 0.0569214 5.766
271 0.241087 0.0596364 5.28775
272 0.224423 0.0504421 8.17342
273 0.19388 0.0556332 4.66055
274 0.329566 0.0419372 61.196
275 0.259623 0.0379557 17.4367
276 0.233594 0.0583943 17.7471
277 0 0 0
278 0 0 0
279 0 0 0
280 0 0 0
281 0 0 0
282 0 0 0
283 0 0 0
284 0 0 0
285 0 0 0
286 0 0 0
287 0 0 0
288 0 0 0
289 0 0 0
290 0 0 0
291 0 0 0
292 0 0 0
293 0 0 0
294 0 0 0
295 0.166285 0.0316303 1.9252
296 0.169278 0.0416493 6.25549
297 0.138157 0.065015 43.7875
298 0.136869 0.0372454 11.6841
299 0.209957 0.0284529 7.41262
300 0.170518 0.0389261 13.9804
301 0.213604 0.0834189 16.0571
302 0.262345 0.0299029 29.9499
303 0.257892 0.0429689 15.9524
304 0.274851 0.0316197 32.6839
305 0.267075 0.03145 6.22989
306 0.276965 0.0468346 11.6543
307 0 0 0
308 0 0 0
309 0 0 0
310 0 0 0
311 0 0 0
312 0 0 0
313 0 0 0
314 0 0 0
315 0 0 0
316 0 0 0
317 0 0 0
318 0 0 0
319 0 0 0
320 0 0 0
321 0 0 0
322 0 0 0
323 0 0 0
324 0 0 0
325 0.133887 0.0456225 9.07446
326 0.190903 0.0720664 33.4783
327 0.150532 0.0427136 7.71837
328 0.144184 0.0513961 8.2766
329 0.124929 0.0327518 7.54064
330 0.12039 0.0716846 9.76322
331 0.196819 0.0726486 22.708
332 0.267446 0.0404107 14.5895
333 0.296278 0.0383947 43.4022
334 0.30065 0.0625375 20.4525
335 0.269688 0.0500689 3.74301
336 0.22559 0.0516243 8.14769
337 0 0 0
338 0 0 0
339 0 0 0
340 0 0 0
341 0 0 0
342 0 0 0
343 0 0 0
344 0 0 0
345 0 0 0
346 0 0 0
347 0 0 0
348 0 0 0
349 0 0 0
350 0 0 0
351 0 0 0
352 0 0 0
353 0 0 0
354 0 0 0
355 0.16554 0.0386139 1.71084
356 0.133223 0.0383932 7.81167
357 0.161592 0.0388847 12.6676
358 0.185883 0.0245314 21.1372
359 0.15299 0.0415304 3.26324
360 0.136888 0.0576907 7.86925
361 0.24032 0.0610243 10.5787
362 0.327886 0.0527889 15.0485
363 0.237383 0.037896 4.25235
364 0.24819 0.0141093 43.4609
365 0.25352 0.0306161 24.5672
366 0.248793 0.0513296 5.42886
367 0 0 0
368 0 0 0
369 0 0 0
370 0 0 0
371 0 0 0
372 0 0 0
373 0 0 0
374 0 0 0
375 0 0 0
376 0 0 0
377 0 0 0
378 0 0 0
379 0 0 0
380 0 0 0
381 0 0 0
382 0 0 0
383 0 0 0
384 0 0 0
385 0.230249 0.0261218 6.52872
386 0.185236 0.0358593 9.1121
387 0.185608 0.0337175 12.9169
388 0.166221 0.0468729 20.0328
389 0.128092 0.0517589 11.0515
390 0.214847 0.0290093 4.54563
391 0.265026 0.0440618 4.1876
392 0.245103 0.0466807 5.50831
393 0.23441 0.0489157 12.2242
394 0.256871 0.0493339 32.1277
395 0.280559 0.0442232 19.3247
396 0.223303 0.04 6.93694
397 0 0 0
398 0 0 0
399 0 0 0
400 0 0 0
401 0 0 0
402 0 0 0
403 0 0 0
404 0 0 0
405 0 0 0
406 0 0 0
407 0 0 0
408 0 0 0
409 0 0 0
410 0 0 0
411 0 0 0
412 0 0 0
413 0 0 0
414 0 0 0
415 0.108635 0.0477146 4.78451
416 0.123443 0.0429718 13.1688
417 0.187571 0.0318893 13.4427
418 0.177142 0.0390543 9.79826
419 0.15146 0.0492554 9.39177
420 0.134657 0.0539932 8.32813
421 0.220331 0.0384629 2.66918
422 0.232423 0.0361654 9.35044
423 0.233602 0.03747 18.1267
424 0.259412 0.0426079 21.0842
425 0.249336 0.09559 4.04217
426 0.419327 0.00850892 23.3962
427 0 0 0
428 0 0 0
429 0 0 0
430 0 0 0
431 0 0 0
432 0 0 0
433 0 0 0
434 0 0 0
435 0 0 0
436 0 0 0
437 0 0 0
438 0 0 0
439 0 0 0
440 0 0 0
441 0 0 0
442 0 0 0
443 0 0 0
444 0 0 0
445 0.162622 0.0260304 1.86725
446 0.0836812 0.0417942 7.40433
447 0.163587 0.0394754 14.7015
448 0.147324 0.0451754 11.4535
449 0.141101 0.0383039 5.45323
450 0.10872 0.0389443 1.09725
451 0.267262 0.0549543 9.33808
452 0.230159 0.0239911 12.0921
453 0.259911 0.0384618 31.2504
454 0.237191 0.046445 36.4554
455 0.271782 0.0377196 12.1655
456 0.259077 0.0423071 27.9159
457 0 0 0
458 0 0 0
459 0 0 0
460 0 0 0
461 0 0 0
462 0 0 0
463 0 0 0
464 0 0 0
465 0 0 0
466 0 0 0
467 0 0 0
468 0 0 0
469 0 0 0
470 0 0 0
471 0 0 0
472 0 0 0
473 0 0 0
474 0 0 0
475 0.109835 0.0464746 4.39551
476 0.159508 0.0469143 42.8118
477 0.148257 0.0308932 2.30978
478 0.102693 0.0415596 8.68946
479 0.192056 0.0443675 7.40965
480 0.124747 0.0428364 3.3179
481 0.237247 0.0491439 24.1262
482 0.247177 0.0372589 24.0772
483 0.344948 0.0112868 47.9955
484 0.264609 0.0452157 28.7734
485 0.263415 0.0506343 304.635
486 0.276022 0.0830193 62178.9
487 0 0 0
488 0 0 0
489 0 0 0
490 0 0 0
491 0 0 0
492 0 0 0
493 0 0 0
494 0 0 0
495 0 0 0
496 0 0 0
497 0 0 0
498 0 0 0
499 0 0 0
500 0 0 0
501 0 0 0
502 0 0 0
503 0 0 0
504 0 0 0
505 0.122141 0.0438211 4.98259
506 0.138935 0.0308479 9.03498
507 0.258113 0.0165732 13.4152
508 0.161051 0.0359404 16.864
509 0.17385 0.0463189 9.06929
510 0.123757 0.0368818 1.07117
511 0.214193 0.09845 27.7218
512 0.30119 0.127989 9.11977
513 0.279805 0.0499129 26.8592
514 0.271202 0.0633129 7.13221
515 0.271909 0.0445464 21.5139
516 0.27279 0.058394 437.056
517 0 0 0
518 0 0 0
519 0 0 0
520 0 0 0
521 0 0 0
522 0 0 0
523 0 0 0
524 0 0 0
525 0 0 0
526 0 0 0
527 0 0 0
528 0 0 0
529 0 0 0
530 0 0 0
531 0 0 0
532 0 0 0
533 0 0 0
534 0 0 0
535 0.116699 0.0436879 2.25374
536 0.177099 0.0264639 2.54292
537 0.147297 0.0357618 9.57524
538 0.135003 0.0496236 2.77364
539 0.168642 0.0315432 4.93214
540 0.111134 0.0474764 5.59172
541 0.221217 0.0694004 91.6065
542 0.312871 -0.0482521 4044.13
543 0.256542 0.0871907 69.9389
544 0.228406 0.0819464 27.7305
545 0.247713 0.06146 58.1551
546 0.268262 0.090555 17.5911
547 0 0 0
548 0 0 0
549 0 0 0
550 0 0 0
551 0 0 0
552 0 0 0
553 0 0 0
554 0 0 0
555 0 0 0
556 0 0 0
557 0 0 0
558 0 0 0
559 0 0 0
560 0 0 0
561 0 0 0
562 0 0 0
563 0 0 0
564 0 0 0
565 0.159292 0.0415732 6.7399
566 0.128629 0.0451614 3.91638
567 0.16095 0.02437 3.75143
568 0.16337 0.0271582 2.31464
569 0.161959 0.0189561 4.51326
570 0.109587 0.05031 8.17302
571 0.237715 -0.0700739 5877.26
572 -0.0187959 0.137597 157.746
573 0.19401 0.0289518 7894.49
574 0.224756 0.0337468 64.529
575 0.265344 0.0295539 26.3342
576 0.264918 0.0322068 8.70483
577 0 0 0
578 0 0 0
579 0 0 0
580 0 0 0
581 0 0 0
582 0 0 0
583 0 0 0
584 0 0 0
585 0 0 0
586 0 0 0
587 0 0 0
588 0 0 0
589 0 0 0
590 0 0 0
591 0 0 0
592 0 0 0
593 0 0 0
594 0 0 0
595 0.136513 0.0457489 2.05568
596 0.176496 0.0302604 13.0534
597 0.110043 0.0386393 11.5493
598 0.125841 0.0630093 18.0992
599 0.112623 0.0572439 26.7935
600 0.164724 0.0483725 4.15695
601 0.197275 0.149805 89.4083
602 0.210412 -0.0428964 7195.89
603 0.252985 0.0310711 330.165
604 0.278245 0.0558393 4.60028
605 0.176129 0.0525432 5.81551
606 0.128968 0.0581864 3.82351
607 0 0 0
608 0 0 0
609 0 0 0
610 0 0 0
611 0 0 0
612 0 0 0
613 0 0 0
614 0 0 0
615 0 0 0
616 0 0 0
617 0 0 0
618 0 0 0
619 0 0 0
620 0 0 0
621 0 0 0
622 0 0 0
623 0 0 0
624 0 0 0
625 0.113668 0.0315229 1.24754
626 0.145682 0.0537925 19.7765
627 0.129352 0.0409396 23.2797
628 0.138925 0.0413679 5.62359
629 0.0954829 0.0336604 5.67225
630 0.180948 0.0724303 6.16123
631 0.175437 0.0558239 8.18505
632 0.216127 0.0595468 15.4467
633 0.208078 0.0332275 29.747
634 0.135881 0.0654086 13.0158
635 0.25005 0.0409539 53.5454
636 0.223967 0.0298789 2.12213
637 0 0 0
638 0 0 0
639 0 0 0
640 0 0 0
641 0 0 0
642 0 0 0
643 0 0 0
644 0 0 0
645 0 0 0
646 0 0 0
647 0 0 0
648 0 0 0
649 0 0 0
650 0 0 0
651 0 0 0
652 0 0 0
653 0 0 0
654 0 0 0
655 0.13404 0.0420961 2.23928
656 0.153595 0.0235425 1.29958
657 0.212062 0.0115796 13.2835
658 0.164123 0.040755 12.6681
659 0.182968 0.0623625 35.016
660 0.130674 0.0546032 27.2036
661 0.281347 0.0501625 16.5377
662 0.263225 0.0257932 26.4927
663 0.230106 0.0942204 43.1831
664 0.264052 0.02864 53.2832
665 0.221407 0.0337279 22.0924
666 0.204392 0.0402104 4.44746
667 0 0 0
668 0 0 0
669 0 0 0
670 0 0 0
671 0 0 0
672 0 0 0
673 0 0 0
674 0 0 0
675 0 0 0
676 0 0 0
677 0 0 0
678 0 0 0
679 0 0 0
680 0 0 0
681 0 0 0
682 0 0 0
683 0 0 0
684 0 0 0
685 0.135803 0.0666418 20.4715
686 0.143434 0.0349736 3.65549
687 0.0940041 0.0402196 10.3314
688 0.104843 0.0394029 8.2517
689 0.14582 0.0249522 9.56664
690 0.103718 0.0485679 5.58456
691 0.236801 0.0628343 9.51469
692 0.279001 0.0651825 17.486
693 0.229642 0.0305043 40.3917
694 0.24143 0.0322661 12.5502
695 0.273041 0.0194968 21.1894
696 0.234663 0.0461654 7.9373
697 0 0 0
698 0 0 0
699 0 0 0
700 0 0 0
701 0 0 0
702 0 0 0
703 0 0 0
704 0 0 0
705 0 0 0
706 0 0 0
707 0 0 0
708 0 0 0
709 0 0 0
710 0 0 0
711 0 0 0
712 0 0 0
713 0 0 0
714 0 0 0
715 0.0982345 0.0459214 4.28618
716 0.105766 0.0473421 4.67601
717 0.122316 0.0330432 3.21522
718 0.121621 0.0488803 14.1371
719 0.114927 0.0376886 17.9288
720 0.14492 0.0278775 5.98097
721 0.22079 0.0555575 9.54926
722 0.256394 0.0228529 20.7393
723 0.236604 0.0519636 18.0571
724 0.245316 0.0291046 12.0963
725 0.237091 0.0763632 50.0148
726 0.231109 0.045455 12.6333
727 0.265932 0.0481232 33.4953
728 0.278001 0.0708461 36.2674
729 0.280427 0.0745186 49.0662
730 0.308885 0.0259478 24.929
731 0.290701 0.0726689 536.516
732 0.00770953 0.0529134 208.914
733 0.31606 0.040445 162.238
734 0.315385 0.0441814 133.388
735 0.329119 0.0381082 21.9603
736 0.287951 0.0398207 243.351
737 0.232493 0.0976268 8.59503
738 0.27064 0.0333139 40.6565
739 0.298826 0.0532171 56.7192
740 0.295238 0.0478993 62.4134
741 0.286924 0.0369889 29.1347
742 0.285641 0.0654421 18.0731
743 0.285454 0.0654425 78.4658
744 0.151921 0.0442514 1.41987
745 0.293257 0.0371986 9.63381
746 0.225228 0.0320693 3.00811
747 0.162919 0.0253561 0.544871
748 0.201808 0.0337771 16.0929
749 0.282458 0.0234036 28.7397
750 0.235189 0.0557229 8.16439
751 0.233338 0.0745603 24.5593
752 0.246049 0.0890014 63.7499
753 0.21993 0.0318047 14.4774
754 0.242747 0.0810632 140.504
755 0.231876 0.0243996 16.4639
756 0.232226 0.04013 7.69107
757 0.271277 0.0903129 43.4711
758 0.294906 0.0283007 22.3781
759 0.325223 0.0403989 20.5886
760 0.288412 0.0915732 107.341
761 0.336704 -0.0394629 16199.9
762 0.25836 0.00728784 20338.6
763 0.254779 0.115058 248.412
764 0.302025 0.0709154 118.315
765 0.278689 0.0483111 26.2097
766 0.293677 0.0355564 14.4072
767 0.253333 0.0688814 14.9608
768 0.294823 0.0370589 13.1949
769 0.311133 0.0243643 45.6269
770 0.303686 0.0455971 25.3986
771 0.340221 0.0187107 83.9149
772 0.324541 0.0255225 24.9796
773 0.335892 0.0444189 82.3814
774 0.318438 0.0176632 9.92026
775 0.377877 -0.0186618 650.261
776 0.281347 0.115224 72.3522
777 0.300096 0.0475868 20.9439
778 0.304255 0.0426482 22.3986
779 0.26335 0.0669586 45.709
780 0.285696 0.0375086 13.4404
781 0.237205 0.0706729 4.29353
782 0.305107 0.0325136 62.2336
783 0.210928 0.03824 13.8266
784 0.265335 0.0664536 24.5574
785 0.235985 0.0415961 37.2692
786 0.199075 0.0336268 3.09225
787 0.226552 0.0543057 1.28786
788 0.307607 0.0250961 34.4455
789 0.246144 0.0675782 70.8894
790 0.27811 0.0359154 27.5225
791 0.270799 0.0453393 33.9767
792 0.279725 0.0464436 46.678
793 0.269281 0.0201982 17.7421
794 0.265322 0.0420157 59.3817
795 0.234659 0.0323768 36.7214
796 0.272857 0.0398286 10.2107
797 0.279549 0.0341975 8.78529
798 0.248644 0.0252022 14.2245
799 0.258263 0.04894 4.4767
800 0.319 0.0545257 45.1869
801 0.286731 0.0345779 13.0799
802 0.267381 0.0612754 22.2705
803 0.235911 0.0459482 11.0668
804 0.253284 0.0549911 23.0112
805 0.253826 0.0435339 34.2493
806 0.257172 0.0680104 12.358
807 0.245569 0.0605057 7.04484
808 0.25 0.0249828 35.8086
809 0.286856 0.0483957 23.6464
810 0.223487 0.0467911 4.97199
811 0.233466 0.0609361 12.9975
812 0.253483 0.0558029 25.0731
813 0.26705 0.0511025 37.4302
814 0.275755 0.0401604 34.188
815 0.267532 0.0185393 20.088
816 0.270913 0.0598007 5.06183
817 0.245695 0.0901954 16.9641
818 0.240791 0.0338797 4.04856
819 0.265142 0.0672464 54.3746
820 0.270715 0.0464911 27.366
821 0.271112 0.0194211 16.3477
822 0.262245 0.0419764 18.1691
823 0.219099 0.0483121 29.6168
824 0.259187 0.0772661 42.754
825 0.278178 0.0390046 13.9738
826 0.266829 0.0700146 78.9965
827 0.259979 0.0574818 51.2765
828 0.242608 0.0390836 6.43678
829 0.249576 0.0481989 20.5344
830 0.280817 0.0204296 32.8152
831 0.255611 0.0330225 49.0278
832 0.285877 0.0596682 67.7752
833 0.241087 0.0679282 11.6216
834 0.277914 0.0393397 40.6443
835 0.264896 0.0426464 22.5313
836 0.283851 0.04122 42.1334
837 0.250787 0.0102604 21.1188
838 0.292696 0.0496793 20.6026
839 0.212509 0.0213607 33.3116
840 0.277346 0.0444925 11.4814
841 0.241113 0.0670161 31.9834
842 0.262156 0.0237243 10.1411
843 0.269286 0.0335936 15.9828
844 0.270914 0.0364547 22.6249
845 0.28333 0.0291554 65.3081
846 0.242589 0.0334836 15.2292
847 0.26051 0.0247604 1.60651
848 0.438578 0.0083643 35.9605
849 0.363966 0.0240711 67.9259
850 0.266668 0.0487454 44.8589
851 0.248107 0.0321029 4.12697
852 0.242957 0.0383971 18.7401
853 0.307682 0.00887642 43.1654
854 0.20194 0.0403175 21.5658
855 0.241956 0.0467393 11.5314
856 0.272857 0.0346068 24.0913
857 0.276555 0.0359004 31.5967
858 0.152028 0.0502693 5.73016
859 0.205923 0.0313332 3.17965
860 0.236994 0.0463507 13.2123
861 0.217855 0.0410072 31.3156
862 0.225605 0.0406347 62.3785
863 0.152066 0.0588986 5.68013
864 0.238637 0.0283479 17.8427
865 0.193433 0.0611353 20.7309
866 0.230431 0.0842797 136.275
867 0.245179 0.0699447 78.6996
868 0.226745 0.0500443 85.2037
869 0.276245 0.100524 75.4212
870 0.235803 0.0832668 49.481
871 0.196016 0.0825693 33.9934
872 0.194873 0.0926371 5.11691
873 0.251703 0.0373868 20.9173
874 0.235089 0.0416254 4.95354
875 0.241375 0.0525175 19.8827
876 0.213658 0.0467246 7.99084
877 0.232556 0.0655661 36.7339
878 0.216965 0.0520807 37.2824
879 0.242688 0.0304807 38.375
880 0.31021 0.186818 341.622
881 0.236583 0.0540922 50.189
882 0.243513 0.0545382 16.783
883 0.260757 0.0561914 21.4404
884 0.192948 0.0414786 9.79871
885 0.220545 0.0536314 22.0485
886 0.217876 0.0643018 13.3279
887 0.227696 0.0393361 14.7935
888 0.224724 0.0343525 32.2983
889 0.222344 0.0661172 15.0847
890 0.226667 0.0531289 21.6858
891 0.282181 0.0482322 46.112
892 0.227013 0.0984843 38.8806
893 0.211495 0.0327018 9.29488
894 0.193264 0.0492104 21.2179
895 0.26902 0.0964653 39.9322
896 0.237953 0.0459057 9.91555
897 0.232673 0.00357857 39.2431
898 0.225083 0.0465154 29.9104
899 0.228529 0.0712818 43.0381
900 0 0 0
901 0 0 0
902 0 0 0
903 0 0 0
904 0 0 0
905 0 0 0
906 0 0 0
907 0 0 0
908 0 0 0
909 0 0 0
910 0 0 0
911 0 0 0
912 0 0 0
913 0 0 0
914 0 0 0
915 0 0 0
916 0 0 0
917 0 0 0
918 0 0 0
919 0 0 0
920 0 0 0
921 0 0 0
922 0 0 0
923 0 0 0
924 0 0 0
925 0 0 0
926 0 0 0
927 0 0 0
928 0 0 0
929 0 0 0
930 0 0 0
931 0 0 0
932 0 0 0
933 0 0 0
934 0 0 0
935 0 0 0
936 0 0 0
937 0 0 0
938 0 0 0
939 0 0 0
940 0 0 0
941 0 0 0
942 0 0 0
943 0 0 0
944 0 0 0
945 0 0 0
946 0 0 0
947 0 0 0
948 0 0 0
949 0 0 0
950 0 0 0
951 0 0 0
952 0 0 0
953 0 0 0
954 0 0 0
955 0 0 0
956 0 0 0
957 0 0 0
958 0 0 0
959 0 0 0
960 0 0 0
961 0 0 0
962 0 0 0
963 0 0 0
964 0 0 0
965 0 0 0
966 0 0 0
967 0 0 0
968 0 0 0
969 0 0 0
970 0 0 0
971 0 0 0
972 0 0 0
973 0 0 0
974 0 0 0
975 0 0 0
976 0 0 0
977 0 0 0
978 0 0 0
979 0 0 0
980 0 0 0
981 0 0 0
982 0 0 0
983 0 0 0
984 0 0 0
985 0 0 0
986 0 0 0
987 0 0 0
988 0 0 0
989 0 0 0
990 0 0 0
991 0 0 0
992 0 0 0
993 0 0 0
994 0 0 0
995 0 0 0
996 0 0 0
997 0 0 0
998 0 0 0
999 0 0 0
1000 0 0 0
1001 0.131592 -0.00556823 0.53185
1002 0.161299 -0.000918923 2.75903
1003 0.243644 -0.00685715 6.9341
1004 0.306161 0.0110429 28.7028
1005 0.201912 -0.00219535 2.61101
1006 0.254034 0.00186395 8.82617
1007 0.213705 -0.00474929 1.35614
1008 0.19925 -0.000291068 66.8311
1009 0.18696 -0.00382072 307.53
1010 0.182658 -0.0059925 146.271
1011 0.172277 0.000293558 54.3486
1012 0.222505 0.00253036 16.4239
1013 0.194782 0.00439464 7.28736
1014 0.183042 0.00176929 5.69588
1015 0.161256 -0.00238893 8.21104
1016 0.146139 -0.00361713 4.84622
1017 0.15889 -0.00393928 5.66495
1018 0.166144 -0.0076707 233.972
1019 0.211078 -0.0704611 106.426
1020 0.172882 -0.0312932 110.991
1021 0.169869 -0.00470034 6.07114
1022 0.143463 -0.00475035 2.84375
1023 0.164595 -0.000905001 0.199502
1024 0.185796 -0.000930008 4.29055
1025 0.175263 0.000560012 0.693243
1026 0.150763 0.00535393 9.95745
1027 0.172417 -0.0252861 2770.44
1028 0.107825 0.0320064 2810.21
1029 0.166629 -0.0400286 170.184
1030 0.162649 0.00879893 18.5893
1031 0.187101 -0.000362508 1.00502
1032 0.138393 -0.00164607 0.940139
1033 0.153444 -0.00274179 0.371866
1034 0.146224 -0.00325071 1.55008
1035 0.181016 -0.00188501 2.58
1036 0.155093 -0.0040257 0.879109
1037 0.153362 -0.00239036 0.778848
1038 0.263351 0.000363929 2.83971
1039 0.194482 -0.00147643 1.50053
1040 0.188167 -0.00546749 0.11744
1041 0.222639 -0.000476076 0.941721
1042 0.199874 -0.0016925 4.84356
1043 0.170056 -0.000580709 2.13779
1044 0.171901 -0.00136714 3.62598
1045 0.196445 0.000888945 0.525375
1046 0.180028 -0.000515708 1.62479
1047 0.221805 -0.000398579 0.261367
1048 0.212111 -0.00249858 1.72096
1049 0.212504 0.000584285 0.820345
1050 0.168542 -0.00381285 1.52982
1051 0.181265 -0.00299606 1.4791
1052 0.126855 -0.00365928 0.970405
1053 0.229692 -0.000836791 5.41252
1054 0.179897 -0.00378037 3.17222
1055 0.18437 -0.00194679 1.93548
1056 0.167436 -0.000880366 1.01212
1057 0.180081 -0.00382892 2.73385
1058 0.190196 -0.00329963 1.29605
1059 0.196491 -0.00400536 1.08327
1060 0.139169 -0.00136823 1.5155
1061 0.159686 0.00507427 5.2893
1062 0.113149 0.00111179 1.36461
1063 0.21027 0.00261463 9.47218
1064 0.198784 0.0033543 7.13937
1065 0.194936 -0.000194992 0.65635
1066 0.186141 -0.00457892 1.35134
1067 0.179133 -0.00214107 0.687503
1068 0.16971 -0.00277859 0.868038
1069 0.146817 -0.00314608 0.602424
1070 0.18456 -0.00166855 0.767101
1071 0.240785 -0.00369536 2.2632
1072 0.269998 0.00144823 1.5172
1073 0.189776 -0.00317572 1.77409
1074 0.210973 0.00101537 2.13611
1075 0.204358 -7.53466e-05 1.49937
1076 0.221981 -0.00310034 1.20881
1077 0.231642 0.00198536 5.68809
1078 0.184255 -0.00233212 0.725197
1079 0.240233 0.00225 2.98417
1080 0.226115 -0.00106393 2.11253
1081 0.248295 -0.00265571 3.591
1082 0.243313 -0.00126178 1.56153
1083 0.250836 -0.000968932 0.905477
1084 0.297906 0.00348465 7.35714
1085 0.194066 -0.00342786 0.902033
1086 0.255182 0.0040607 1.4677
1087 0.173112 -0.00249284 1.68965
1088 0.219287 0.000860367 1.73305
1089 0.197092 -0.00122749 3.46265
1090 0.222765 -0.00238286 0.937944
1091 0.214199 0.00125 1.1145
1092 0.256244 -0.00206392 1.77872
1093 0.214994 0.00235356 4.47244
1094 0.215577 -0.000501781 0.231032
1095 0.162491 -0.00134034 0.544092
1096 0.19906 -0.000721802 1.81019
1097 0.218834 0.000932142 1.32006
1098 0.195273 -0.00240464 1.98017
1099 0.245419 0.00469535 5.49488
1100 0.18706 -0.00247642 1.55689
1101 0.169616 -0.00100822 1.09798
1102 0.160593 -0.00264965 0.897615
1103 0.152953 -0.0029457 2.15701
1104 0.136121 -0.00165858 0.498311
1105 0.147731 -0.00112465 0.542022
1106 0.151038 -0.00125857 1.11452
1107 0.184001 -0.000471792 0.777431
1108 0.170866 -4.85831e-05 0.450056
1109 0.168629 -0.00239501 0.756644
1110 0.180366 -0.00258679 2.49238
1111 0.167367 -0.00172106 0.851896
1112 0.179933 -0.00202892 1.12277
1113 0.168451 -0.00335893 1.17737
1114 0.188134 0.00118573 1.04044
1115 0.185388 -0.000410708 0.320388
1116 0.219692 0.000577143 0.983397
1117 0.194823 -0.00193715 2.95747
1118 0.142538 -0.00169 1.87592
1119 0.199365 0.000341061 1.59531
1120 0.191263 -0.000694298 1.61096
1121 0.173419 -0.00232178 0.823781
1122 0.210697 -0.000955377 2.1025
1123 0.152364 -0.00156464 0.797496
1124 0.175622 -0.00421678 0.781322
1125 0.169253 -0.000317139 0.881313
1126 0.212635 -0.00144001 0.544409
1127 0.183832 -0.00278035 0.470783
1128 0.155517 -0.00213535 0.886054
1129 0.200168 -0.00399965 0.850011
1130 0.166883 0.00102607 1.36849
1131 0.192901 0.000587851 1.80248
1132 0.184142 -0.00264464 0.759358
1133 0.1775 -0.00103891 1.1564
1134 0.201489 -0.000987862 1.15456
1135 0.200817 -0.00188893 0.267724
1136 0.161028 -0.00398929 0.243033
1137 0.142522 -0.00416393 0.492969
1138 0.126545 -0.00390964 0.843601
1139 0.194748 -0.00111001 1.01732
1140 0.20124 -0.00292393 1.63323
1141 0.149037 -0.000535697 0.797809
1142 0.173827 -0.000264639 0.968851
1143 0.167493 0.000875715 1.2496
1144 0.201213 0.000926426 1.17204
1145 0.176368 -0.00168034 0.602183
1146 0.219813 0.00138428 4.73193
1147 0.181226 -4.85726e-05 0.655165
1148 0.157887 -0.0028107 0.387364
1149 0.256713 2.60769e-05 5.2205
1150 0.199176 -0.00432679 2.22368
1151 0.213188 -0.00231214 1.0646
1152 0.167628 -0.00152001 0.185806
1153 0.195088 -0.000990709 0.842746
1154 0.226209 -0.00308822 1.35914
1155 0.201527 -0.00460286 2.06249
1156 0.21761 -0.00117786 2.8086
1157 0.207578 -0.00107107 1.3607
1158 0.219159 -0.00641464 1.02908
1159 0.193851 -0.00120857 1.98282
1160 0.2236 0.00124858 1.58716
1161 0.244739 -0.00269179 0.704289
1162 0.285946 0.00290819 5.23303
1163 0.177329 -0.000141769 2.25282
1164 0.402344 -0.00137821 3.20204
1165 0.226706 0.00260215 2.15977
1166 0.193733 -0.00168358 0.163527
1167 0.183339 -0.00357893 0.591801
1168 0.149816 -0.00241323 0.528786
1169 0.156544 -0.000508582 0.161355
1170 0.181267 -0.00286964 1.187
1171 0.124645 -0.00158858 1.00737
1172 0.16853 -0.000844278 2.08508
1173 0.17636 -0.000338586 2.06089
1174 0.171601 -0.0015482 0.417061
1175 0.147343 -0.00480821 0.0984093
1176 0.150983 -0.00138215 1.36442
1177 0.14656 -0.00160429 0.324988
1178 0.145013 -0.00104001 0.439545
1179 0.175639 -0.00132393 2.26929
1180 0.166123 -0.000943217 1.19088
1181 0.156047 -0.00238428 0.305839
1182 0.177758 -0.00197643 0.762773
1183 0.165492 -0.00100644 1.51077
1184 0.180421 0.000852139 0.392262
1185 0.176298 -0.000641426 0.612929
1186 0.158629 -0.000463208 0.768219
1187 0.173916 -0.000762519 0.333116
1188 0.156564 -0.00131999 0.651736
1189 0.176065 7.57245e-05 0.370176
1190 0.164973 8.00085e-05 0.822529
1191 0.175797 -0.000875369 2.54787
1192 0.204063 0.00173108 1.42542
1193 0.177782 -0.000158926 1.49756
1194 0.0941543 -0.000430753 0.268636
1195 0.156031 -0.00145608 0.563193
1196 0.170871 -0.00174858 1.05721
1197 0.162277 -0.00104179 0.802481
1198 0.161149 -0.00194036 1.17797
1199 0.365155 -0.00216499 1.44312
1200 0.215677 -0.000601422 3.26784
1201 0.203963 -0.00149251 0.884107
1202 0.189475 -0.00148749 0.254301
1203 0.175352 -0.00227965 1.33808
1204 0.165153 -0.00333072 1.61451
1205 0.144853 -0.00351534 0.239939
1206 0.159493 -0.00165465 1.81343
1207 0.180702 -0.00120929 1.78649
1208 0.160004 -0.000393572 1.98455
1209 0.171996 -0.000911073 0.563616
1210 0.183092 -0.00196858 0.273266
1211 0.178136 -0.00125214 0.32681
1212 0.172409 -0.00252001 0.452551
1213 0.145041 0.00204428 1.06767
1214 0.151838 -0.000749635 1.64862
1215 0.172835 -0.00385144 0.876465
1216 0.183569 -0.00226071 0.500802
1217 0.160728 -0.00226501 0.691291
1218 0.166536 -0.00232963 0.434596
1219 0.145781 -0.00148856 0.490056
1220 0.165831 -0.00131785 0.332946
1221 0.164663 -0.00126679 0.452799
1222 0.15665 -0.00305929 0.971303
1223 0.178289 -0.00357321 1.57846
1224 0.16128 -0.00169143 0.473545
1225 0.151148 -0.00732 1.20109
1226 0.159202 -0.00126286 0.692688
1227 0.15736 -0.00094501 1.18376
1228 0.202216 -0.00217107 3.89148
1229 0.162716 -0.00708677 0.215016
1230 0.0825155 0.0028401 2.36572
1231 0.18108 -0.0021675 0.967303
1232 0.171889 -0.000630367 0.889558
1233 0.192035 -0.00408358 1.7886
1234 0.188028 -0.00118571 0.384831
1235 0.206847 -0.00399322 0.710995
1236 0.158424 -0.00455036 0.384149
1237 0.170081 8.14189e-05 0.0797921
1238 0.161867 -0.00216391 1.14632
1239 0.148291 -0.00094501 0.848543
1240 0.171989 -0.00255036 0.504758
1241 0.177973 -0.00242285 1.02751
1242 0.190057 -0.00143179 0.683379
1243 0.163608 0.00126856 0.388593
1244 0.15286 -0.0034325 0.251893
1245 0.142154 -0.00160393 0.516062
1246 0.149251 -0.00116321 0.0829405
1247 0.151689 -0.0011925 0.92067
1248 0.14562 -0.00496893 0.45597
1249 0.134444 2.92807e-05 0.821675
1250 0.155633 -0.00157643 0.311083
1251 0.160186 -0.00420429 1.53271
1252 0.155915 -0.00209213 0.608828
1253 0.159874 -0.00187537 1.01412
1254 0.150624 -0.0037425 0.935005
1255 0.159609 -0.00375892 0.473187
1256 0.131759 -0.00359893 0.342223
1257 0.167182 -0.00371035 1.13064
1258 0.143513 -0.0021968 0.235733
1259 0.165796 -0.0028018 1.36705
1260 0.166863 -0.00399536 0.525073
1261 0.154133 -0.00235141 0.430029
1262 0.169009 -0.00319641 0.196408
1263 0.144461 -0.00351358 0.929058
1264 0.159358 1.05375e-06 0.280498
1265 0.157631 -0.00306893 0.175169
1266 0.181951 -0.000763935 0.120907
1267 0.182876 -0.000718561 0.100915
1268 0.192596 -0.00232857 0.470723
1269 0.190474 -0.00160643 0.21728
1270 0.193135 -0.00288394 0.723709
1271 0.162721 -0.00427287 0.65101
1272 0.137552 -0.00295571 0.469629
1273 0.137004 -0.00309929 0.189874
1274 0.17736 0.00032501 0.362752
1275 0.17067 -0.0016475 1.17842
1276 0.22647 0.00217928 1.87791
1277 0.181444 -0.000240366 1.29907
1278 0.151606 -0.0022925 0.340034
1279 0.154058 -0.00186035 0.24742
1280 0.157007 0.000155004 0.750125
1281 0.158022 -0.00139285 1.02596
1282 0.178715 -0.00202786 0.949262
1283 0.205259 -0.00586393 1.64096
1284 0.195305 -0.00330356 2.83811
1285 0.167512 -0.00268572 1.99912
1286 0.166664 0.00046894 2.15404
1287 0.180271 -0.00393644 0.57347
1288 0.163864 -0.00320214 2.40022
1289 0.147263 -0.00440358 1.04987
1290 0.167564 -0.00175678 0.865289
1291 0.151016 -0.00625499 0.208152
1292 0.19782 -0.00229251 1.18497
1293 0.147604 -0.00309178 0.787221
1294 0.166988 -0.00636429 1.94945
1295 0.154572 -0.00435215 0.766114
1296 0.148405 -0.00400036 0.181778
1297 0.148894 -0.00139106 0.431616
1298 0.158673 -0.00243429 1.13752
1299 0.154667 -0.00356856 0.508485
1300 0.179671 -0.00181607 0.801132
1301 0.163126 -0.00289358 0.83603
1302 0.204749 -0.00174715 2.38812
1303 0.158963 -0.00178821 0.246012
1304 0.172914 -0.00334107 0.405551
1305 0.121246 -0.00477035 0.434255
1306 0.175119 0.00016536 0.906915
1307 0.156475 -0.00116964 0.772457
1308 0.15286 -0.00437108 0.338412
1309 0.172475 0.000610708 3.71176
1310 0.180954 -0.00136644 0.0512073
1311 0.180423 -0.00122534 3.7571
1312 0.16527 -0.00301929 2.78396
1313 0.14202 -0.000400006 1.78999
1314 0.154876 -0.00269392 0.446768
1315 0.159949 -0.00272821 1.76619
1316 0.160009 -0.00479643 0.92272
1317 0.176916 -0.000885368 1.03045
1318 0.173027 -0.00142178 2.10853
1319 0.188637 0.00163965 7.37789
1320 0.154727 -0.000530721 1.29483
1321 0.162176 -0.00222571 0.467156
1322 0.164551 -0.00429499 2.53817
1323 0.183524 -0.000609287 0.668389
1324 0.197625 -0.00212929 0.997985
1325 0.166628 0.000458589 1.57269
1326 0.170418 -0.00245249 1.98053
1327 0.167325 -0.00209856 0.552868
1328 0.135272 -0.00240785 1.32641
1329 0.179061 -0.00108607 1.00158
1330 0.146449 -0.0030075 0.954142
1331 0.143609 -0.0013932 1.11021
1332 0.147638 -0.000217866 0.711631
1333 0.159273 -0.00278821 0.0171708
1334 0.193581 -0.00152501 1.14751
1335 0.160138 -0.00100893 1.06257
1336 0.165261 0.0012975 0.114604
1337 0.169571 -0.00343286 0.438789
1338 0.161194 0.000193923 0.172794
1339 0.160491 5.78431e-05 0.77111
1340 0.149515 -0.0039075 0.90145
1341 0.166221 -0.00372143 0.348824
1342 0.215362 -0.00225391 2.39035
1343 0.204886 0.0014025 0.999214
1344 0.194038 -0.000412139 1.49185
1345 0.202861 -0.000642863 1.55487
1346 0.169946 -0.00431463 0.876471
1347 0.176128 -0.000159985 0.88705
1348 0.165181 -0.000678578 0.864668
1349 0.148268 -0.000627504 0.877424
1350 0.190474 -0.000392135 3.22267
1351 0.178068 -0.001955 2.84008
1352 0.144075 -0.00142858 0.626389
1353 0.15681 -0.00171929 0.485132
1354 0.179865 -0.00292607 1.72777
1355 0.16719 -0.000244991 1.05767
1356 0.14588 -0.00146107 0.313635
1357 0.153563 -0.00197356 1.03139
1358 0.156845 -0.0016868 1.13928
1359 0.158884 -0.00168749 0.753146
1360 0.207785 -0.00205572 2.84602
1361 0.169946 -0.00139642 1.83894
1362 0.160733 -0.00218036 0.26682
1363 0.192818 -0.00106178 0.604356
1364 0.208013 -0.0013232 3.64661
1365 0.170554 -0.0010693 0.783075
1366 0.147429 -0.0058318 1.19455
1367 0.171559 -0.00601929 0.802753
1368 0.151322 -0.000483926 0.618234
1369 0.173831 -0.00164929 1.16118
1370 0.159837 -0.00120821 0.570569
1371 0.202879 -0.00127037 1.58012
1372 0.193264 -0.000456422 1.04746
1373 0.168034 -0.00328679 0.628073
1374 0.161849 -0.00320357 1.39482
1375 0.176782 -0.000553562 3.14912
1376 0.163254 -0.00197036 0.335202
1377 0.173431 -0.00384142 0.491603
1378 0.18528 0.00207428 1.6392
1379 0.202536 0.0023668 1.55228
1380 0.144272 -0.00275034 0.51976
1381 0.158072 -0.000603204 1.59569
1382 0.165545 -0.00186036 0.356586
1383 0.160291 -0.00275215 1.01343
1384 0.16007 -0.0018525 0.675043
1385 0.19599 0.000309284 1.07506
1386 0.188817 -0.00256464 2.40388
1387 0.156345 -0.0022 0.474624
1388 0.155531 -0.00204035 0.820646
1389 0.154795 -0.00156214 0.394696
1390 0.186203 -0.00577856 1.83749
1391 0.172077 -0.00124392 1.3033
1392 0.157175 -0.00122286 0.484911
1393 0.15383 -0.000665715 0.0704843
1394 0.161414 -0.00204821 1.51229
1395 0.156153 -0.0016907 0.938013
1396 0.160569 -0.00153785 0.622108
1397 0.152186 -0.00132464 0.666717
1398 0.149601 -0.00151605 1.02917
1399 0.170784 -0.00307251 0.339707
1400 0.167716 -0.00252501 0.305632
1401 0.165441 0.000934297 1.18947
1402 0.163021 -0.00132642 1.56132
1403 0.130217 -0.000639286 2.2461
1404 0.190282 -0.000314638 0.753244
1405 0.187111 -0.00197679 0.569426
1406 0.177337 0.0010532 2.16158
1407 0.194181 -0.00230072 1.29036
1408 0.144481 -0.00362822 0.210961
1409 0.171876 -0.00270109 1.08864
1410 0.168739 -0.00384286 1.48115
1411 0.229266 0.000630351 1.03803
1412 0.205878 -0.00345107 2.20739
1413 0.16633 0.000391783 0.821417
1414 0.18297 -0.00139501 1.35442
1415 0.17243 -0.000360369 1.40661
1416 0.186708 -0.000109992 1.22705
1417 0.225415 -0.00410109 2.16632
1418 0.185149 -0.00216571 0.863997
1419 0.208895 -0.00343249 0.638778
1420 0.204354 -0.00077072 1.81251
1421 0.172202 7.67783e-05 2.13761
1422 0.175169 -0.000880361 0.657361
1423 0.184415 -0.00189715 0.863234
1424 0.278453 0.00101502 1.55158
1425 0.175163 -0.00106822 1.44261
1426 0.175161 -0.00134037 1.51124
1427 0.167425 -0.00336464 0.588482
1428 0.169808 0.000536064 0.79083
1429 0.186104 -0.00283713 1.44508
1430 0.164024 -0.00358892 1.20563
1431 0.16017 -0.00277643 0.483056
1432 0.15797 -0.00128036 0.495806
1433 0.181648 -0.000903926 0.557131
1434 0.171799 0.00178502 1.32978
1435 0.149504 -0.000961082 0.709847
1436 0.18092 0.00126177 1.74114
1437 0.172573 -0.00119071 1.12548
1438 0.202866 0.00123713 4.89621
1439 0.178966 -0.00415892 2.14099
1440 0.183485 -0.000862495 1.67026
1441 0.163669 -0.00287035 0.397927
1442 0.172711 -0.000297869 4.39787
1443 0.201469 -0.000643927 3.54449
1444 0.187245 -0.000252495 1.61815
1445 0.18867 -0.00215215 0.442022
1446 0.160202 -0.00071714 0.713196
1447 0.144165 -0.000798207 0.194032
1448 0.172728 -0.00180966 1.27963
1449 0.172067 -0.00184071 0.0879054
1450 0.258485 0.00014716 3.74865
1451 0.176272 -0.00331999 0.913791
1452 0.149478 -0.00362429 0.546973
1453 0.183615 0.000407871 1.84656
1454 0.175586 -0.00154965 1.29404
1455 0.181721 -0.00325142 1.36457
1456 0.194387 -0.0025232 3.17995
1457 0.183627 -0.00192214 2.11551
1458 0.202615 0.00253856 3.84014
1459 0.199513 0.00974285 16.5388
1460 0.207712 0.0116146 3.92901
1461 0.177349 0.00189892 1.47696
1462 0.170144 -0.00104072 1.46755
1463 0.169372 -0.00516964 0.966688
1464 0.157431 -0.000403571 0.411805
1465 0.151515 -0.00117678 0.524062
1466 0.197282 0.00115893 0.918667
1467 0.143706 -0.00259714 1.66175
1468 0.197443 -0.00315 2.63012
1469 0.202877 -0.00420786 1.02073
1470 0.173099 -0.000257146 2.14026
1471 0.178198 -0.00172713 3.01764
1472 0.173483 -0.000593561 1.62929
1473 0.182616 -0.00214894 0.623049
1474 0.163236 -0.00132893 0.773577
1475 0.195034 -0.00306142 1.33372
1476 0.157545 -0.00309393 1.1179
1477 0.220357 -0.00136644 1.5994
1478 0.174442 0.000328219 2.74739
1479 0.183407 0.0027243 1.94951
1480 0.194651 0.000287864 2.49475
1481 0.218781 -0.0036625 6.64079
1482 0.190939 -0.00265822 3.25646
1483 0.157826 0.000932839 3.42185
1484 0.164811 -0.00145359 1.03913
1485 0.154858 0.00388821 0.995256
1486 0.2096 -0.0172668 10.9383
1487 0.166173 0.0195232 44.4204
1488 0.213138 -0.0134611 21.0558
1489 0.160883 0.00500643 2.23386
1490 0.18122 -0.00323 4.24329
1491 0.151798 -0.00324144 7.88542
1492 0.164563 0.00655679 29.9121
1493 0.190528 -0.0140032 1290.43
1494 0.175451 -0.0165879 1145.44
1495 0.139885 0.000511073 9.48378
1496 0.179894 -0.00399429 6.25803
1497 0.168847 0.0184682 30.8537
1498 0.152911 -0.00870822 10.138
1499 0.203956 0.00606821 4.06363
1500 0.171901 -0.00181322 1.41845
1501 0.186038 0.00284178 0.450579
1502 0.181325 0.00101142 4.27313
1503 0.177599 -0.00437214 1.18464
1504 0.177771 -0.000310338 0.399677
1505 0.159559 0.00512143 8.01087
1506 0.155405 -0.000154307 0.0973968
1507 0.188346 -0.0133007 8.1903
1508 0.170854 -0.000904649 11.4865
1509 0.184285 0.00126642 3.82686
1510 0.177385 -0.00147929 2.64561
1511 0.163596 -0.000814652 1.84381
1512 0.193455 -0.00165107 0.855285
1513 0.192741 0.00134716 1.88142
1514 0.156772 -0.000939279 2.72921
1515 0.141573 0.000101775 0.693972
1516 0.180742 0.00180498 0.613828
1517 0.154202 -0.00217679 1.04826
1518 0.161142 -0.00091929 1.9873
1519 0.184032 0.000417498 2.50035
1520 0.176101 0.00153965 3.40353
1521 0.174406 -0.00555533 5.71222
1522 0.188306 -0.00632179 5.04011
1523 0.162579 0.00165535 3.98948
1524 0.149033 -0.000662857 0.750188
1525 0.186791 -0.00788571 6.41005
1526 0.0897382 -0.000791119 52.8985
1527 27.8439 -11.2409 7.87144e+07
1528 -0.00104645 0.117278 3.63597
1529 0.164613 3.96508e-16 4.93038e-26
1530 0.173093 0.00486857 13.5557
1531 0.18153 -0.00703143 8.38289
1532 0.156717 0.0033982 3.34644
1533 0.221849 -0.000548916 1.97239
1534 0.1751 -0.00125713 4.39696
1535 0.195389 0.00169677 1.85825
1536 0.187094 -0.00172356 4.72276
1537 0.188937 -0.000453581 10.8302
1538 0.186747 -0.00170502 1.50226
1539 0.14888 0.000530721 1.33647
1540 0.191442 -0.0099007 15.4354
1541 0.145525 0.0149518 32.267
1542 0.165491 -0.0103172 16.2173
1543 0.146518 0.00241464 7.09275
1544 0.142014 -0.00243821 2.49243
1545 0.175432 -0.00150356 0.644555
1546 0.168358 -0.00172215 2.27972
1547 0.181225 0.00177072 1.88059
1548 0.167433 0.000548927 3.5839
1549 0.148745 -0.000495698 0.683919
1550 0.159204 -0.00058535 0.178508
1551 0.155826 0.000660356 2.42298
1552 0.166707 -0.00103106 0.781702
1553 0.139121 -0.000801081 0.0718358
1554 0.17861 0.000970348 3.08373
1555 0.169785 -0.00599573 2.14325
1556 0.190196 0.0132714 16.2286
1557 0.182324 -0.00755214 10.0661
1558 0.180558 0.00209322 4.01025
1559 0.177733 -0.00765002 7.11234
1560 0.415929 0 0
1561 0 0 0
1562 0 0 0
1563 0.204082 0 0
1564 0.165769 -0.0033543 2.75175
1565 0.157126 0.00665037 7.10558
1566 0.192703 -0.00185001 4.62982
1567 0.17442 -0.00157285 0.471086
1568 0.192556 0.0039032 4.00679
1569 0.150845 0.000555004 1.67247
1570 0.167321 0.000139991 6.90212
1571 0.153701 -2.96319e-05 2.38191
1572 0.16304 0.00325714 4.98804
1573 0.203129 -0.00483498 8.84657
1574 0.179613 0.000777159 0.940382
1575 0.214144 -0.0126021 11.0344
1576 0.182197 0.00490821 1.82591
1577 0.15311 -0.00187893 4.51157
1578 0.152947 -0.00110929 4.56181
1579 0.149659 0.00196287 1.6285
1580 0.156024 0.00105035 3.61502
1581 0.193979 -0.000881084 1.20011
1582 0.169927 -2.82218e-05 2.98073
1583 0.171057 -0.00303572 0.417748
1584 0.17533 0.00107714 1.61332
1585 0.181488 -0.00144677 0.883657
1586 0.142262 0.000621416 2.7282
1587 0.202993 0.00182536 2.34043
1588 0.156842 0.00266821 9.174
1589 0.177984 0.00595321 3.89977
1590 0.181873 -0.00997607 15.6233
1591 0.163132 0.00199072 0.711236
1592 0.190403 0.00511143 6.14687
1593 0.19046 -0.000838919 1.92853
1594 0.11915 -0.00127144 8.3878
1595 0 0 0
1596 0 0 0
1597 0.142797 0.0807204 7078.39
1598 0.171931 -0.00101749 10.6341
1599 0.148133 0.001235 2.28686
1600 0.172396 -0.000614646 5.11466
1601 0.18446 -0.00266678 1.22803
1602 0.175834 -0.00206642 0.895987
1603 0.151606 -0.00108108 0.507809
1604 0.200647 -0.000885001 1.63685
1605 0.195623 -0.000648211 6.10794
1606 0.157763 -0.00164572 0.791556
1607 0.173032 0.000158224 0.0808934
1608 0.181767 -0.00028466 1.86196
1609 0.16058 0.00437502 4.28553
1610 0.181107 0.00153607 3.0807
1611 0.179619 -0.00328788 7.36806
1612 0.146213 -0.00104178 2.30446
1613 0.148405 0.00538359 11.7423
1614 0.19164 0.00200392 2.70983
1615 0.160538 -0.000190708 3.49215
1616 0.177652 0.00232965 0.424882
1617 0.169567 0.00366213 1.12464
1618 0.167629 -0.00157322 4.17896
1619 0.183265 -0.000482138 0.0907241
1620 0.185223 -0.00313466 0.535881
1621 0.150713 -0.000778937 1.88725
1622 0.179326 3.89132e-05 2.18502
1623 0.157018 0.000138586 0.425824
1624 0.141924 -6.50063e-05 1.29511
1625 0.181708 0.000479663 3.26974
1626 0.17825 0.00207642 6.12721
1627 0.158717 -0.00195106 1.069
1628 0.170306 -0.00432177 23.1208
1629 0.0174842 0.243209 2341.57
1630 0.00896507 0.0619092 4146.81
1631 0.0685835 0.103215 1098.66
1632 0.184918 0.00382716 25.1383
1633 0.142495 -0.000394647 2.87565
1634 0.174523 9.64426e-05 1.39866
1635 0.162891 0.00311144 1.70908
1636 0.192646 -0.00048036 1.54991
1637 0.143003 0.00206608 4.87923
1638 0.178899 -0.00234141 6.15475
1639 0.149172 -0.00115785 2.45947
1640 0.152097 -0.000128214 2.32725
1641 0.12989 -0.000671776 0.118272
1642 0.131646 -0.000226785 0.325164
1643 0.154214 0.000486076 1.1428
1644 0.150102 -0.000301434 0.822821
1645 0.145413 -0.000499998 2.56204
1646 0.116023 -0.000437855 1.10243
1647 0.155715 0.00137499 24.3699
1648 0.135253 0.00205751 2.05873
1649 0.160335 0.000462857 3.60497
1650 0.164615 0.00111608 0.0605798
1651 0.159858 -0.00267286 2.9717
1652 0.142009 0.00199069 1.2164
1653 0.150231 -0.00106357 0.940433
1654 0.141894 -0.000493228 1.09134
1655 0.130852 -0.00148784 1.95561
1656 0.152725 -7.83919e-06 1.26679
1657 0.200651 0.00229143 8.06807
1658 0.171117 -0.000766803 3.64807
1659 0.149519 -0.000573216 1.23208
1660 0.159789 -0.00115285 1.76376
1661 0.160829 -0.000221426 0.780868
1662 0.137905 -0.00711143 6.8048
1663 0.11634 0.0361768 217.125
1664 0.146519 -0.0438389 1438.63
1665 0.117121 0.0196189 503.3
1666 0.164447 -0.00395785 18.3153
1667 0.110774 -0.000871417 0.143368
1668 0.134847 -0.000891425 3.36354
1669 0.145437 0.000274644 1.15613
1670 0.162404 -0.00105287 0.526285
1671 0.166635 -0.000791087 1.79524
1672 0.16183 0.000222506 1.33207
1673 0.157914 0.00068142 0.737619
1674 0.136832 -0.000919636 1.04728
1675 0.13919 -0.000537506 0.729257
1676 0.159283 -0.000233932 6.05899
1677 0.146225 0.000251431 0.659499
1678 0.165565 -0.000875715 10.4617
1679 0.125911 -0.000412486 1.2957
1680 0.142051 0.00132356 2.70759
1681 0.149034 0.00105572 8.93877
1682 0.168482 -0.000267864 3.56946
1683 0.143028 -4.57094e-05 0.197765
1684 0.145799 0.00109394 1.02066
1685 0.171124 -0.000782167 1.21794
1686 0.140888 -0.0019575 1.55248
1687 0.160448 -8.78688e-05 5.14979
1688 0.168005 0.000651777 4.33988
1689 0.170152 0.00222214 1.1624
1690 0.16201 -0.000440356 0.485627
1691 0.150114 -0.000411416 5.15056
1692 0.144314 0.000222842 0.124181
1693 0.140957 -0.00026035 1.45618
1694 0.15387 -0.00120536 0.819925
1695 0.131989 -0.00108823 1.20566
1696 0.145269 -5.60708e-05 2.99669
1697 0.198203 -0.0028268 5.79485
1698 0.177348 -0.000247152 1.20783
1699 0.141296 -0.00458358 13.6915
1700 0.134648 -0.00183108 1.69148
1701 0.134868 -0.00107716 1.4024
1702 0.127508 -0.000422517 0.396685
1703 0.149664 0.000317139 0.125455
1704 0.139373 -0.000581422 0.413203
1705 0.147299 -1.42086e-06 1.01408
1706 0.144644 0.00135286 3.92907
1707 0.132417 0.000146766 0.291622
1708 0.136049 -0.000357841 3.6114
1709 0.139683 0.00107393 5.42523
1710 0.168453 0.00119533 2.6821
1711 0.152269 -0.000804269 2.30771
1712 0.149857 -0.000843587 0.39834
1713 0.134298 0.000880712 1.31785
1714 0.143642 -0.00258571 2.36509
1715 0.127624 0.00207465 2.47059
1716 0.164859 0.00185858 0.709087
1717 0.132472 -0.00102858 0.934447
1718 0.155345 0.002255 0.94561
1719 0.152764 0.000167138 0.23124
1720 0.157509 -0.00205894 0.45525
1721 0.14951 0.000206434 0.945042
1722 0.142699 0.000898226 2.46832
1723 0.141215 0.00177142 2.82964
1724 0.157272 -0.00114393 0.240124
1725 0.153573 -1.78654e-05 0.472409
1726 0.1299 0.00127073 1.34849
1727 0.153372 -0.000273213 2.70326
1728 0.13828 -0.000305346 0.0763911
1729 0.148402 0.00113641 0.651509
1730 0.152163 -0.00565143 5.63308
1731 0.158245 -0.000924984 0.71028
1732 0.154106 -0.000518933 1.50294
1733 0.139112 -9.03542e-05 0.71573
1734 0.170252 0.00117392 2.65739
1735 0.149582 -0.000645018 1.09141
1736 0.156351 -0.00129428 0.917082
1737 0.153056 0.000872155 5.91439
1738 0.150703 -0.000793215 2.32325
1739 0.184054 -0.000226428 1.79063
1740 0.176775 -0.000243203 0.553446
1741 0.154375 0.000932855 2.62363
1742 0.149155 0.00187037 0.900851
1743 0.151626 -0.000664996 0.165654
1744 0.169847 -0.000723212 2.495
1745 0.146453 -0.000749997 0.553054
1746 0.152893 -0.00272107 3.86187
1747 0.138458 -0.00122965 2.48855
1748 0.133364 -0.000483197 0.486303
1749 0.130342 0.000116788 5.09209
1750 0.141695 0.00109248 0.563441
1751 0.163708 -0.00154536 5.86561
1752 0.149556 -0.000954281 1.29521
1753 0.179533 -0.00260108 2.4646
1754 0.163041 -0.000229999 1.16966
1755 0.128319 0.00296358 6.41181
1756 0.140281 -0.00761607 2.56038
1757 0.155674 0.00203501 9.24807
1758 0.150261 0.00053964 0.333587
1759 0.160372 -0.00137106 1.96108
1760 0.130157 -4.03608e-05 0.620537
1761 0.175519 -0.00273393 2.36217
1762 0.136123 -0.00195035 11.8413
1763 0.165412 0.0010775 2.02878
1764 0.139803 -7.99926e-05 1.24319
1765 0.149816 -0.00278177 43.6811
1766 0.149934 -0.0016375 12.465
1767 0.157931 -0.00161107 1.49762
1768 0.143009 -0.000654278 2.17623
1769 0.159652 -0.000205354 3.94002
1770 0.153928 -0.000901047 1.74244
1771 0.162684 -0.00211606 3.7031
1772 0.154448 0.000815706 1.37385
1773 0.154577 -0.00105107 0.132021
1774 0.1476 -0.00302391 13.429
1775 0.14997 -0.00551142 1.39669
1776 0.159227 -0.00150571 1.90401
1777 0.15566 -0.00332428 2.97058
1778 0.147796 -0.00229501 3.48992
1779 0.139138 -0.00302213 0.576309
1780 0.133755 -0.00202357 0.596381
1781 0.148444 0.001775 3.78692
1782 0.133647 -0.004935 1.00448
1783 0.127613 -0.00370393 0.937659
1784 0.15513 -0.00363214 2.62915
1785 0.130332 -0.00323072 2.68264
1786 0.133242 -0.00410894 0.751187
1787 0.139821 -0.00223748 1.09255
1788 0.130681 -4.57094e-05 3.57402
1789 0.13784 -0.0043 0.737388
1790 0.136259 -0.00235035 2.07878
1791 0.133561 -0.00104358 0.42383
1792 0.143167 -0.00392464 1.68995
1793 0.145437 -0.00154857 2.35118
1794 0.126055 0.000468572 0.657675
1795 0.130211 -0.00176142 0.897673
1796 0.144005 -0.00581178 0.599107
1797 0.152173 -0.00269785 0.692693
1798 0.166627 -0.00253251 4.1897
1799 0.15694 -0.0020425 0.12885
1800 0.173745 -0.000190357 2.27512
1801 0.15618 -0.00258714 2.96969
1802 0.170759 -0.00118464 4.19497
1803 0.157619 -0.00581535 2.2022
1804 0.153904 -0.00197358 2.77145
1805 0.150464 -0.000885363 1.60463
1806 0.180986 -0.00110357 0.600374
1807 0.15244 -0.003675 0.547029
1808 0.159654 -0.000307134 3.21698
1809 0.148715 -0.00312785 1.39709
1810 0.154868 -0.000584658 0.747535
1811 0.171514 -0.00128177 2.57339
1812 0.141283 0.0011907 1.8329
1813 0.168074 -0.000523568 3.43089
1814 0.149858 -0.00198394 1.18953
1815 0.150092 -0.00162145 0.565769
1816 0.152566 -0.00344643 2.48828
1817 0.125582 -0.00466464 1.62219
1818 0.133104 2.53586e-05 1.92012
1819 0.141207 -0.00315786 1.94823
1820 0.129939 -0.00372428 1.67648
1821 0.139775 -0.000206067 1.44018
1822 0.136108 0.00101858 2.17384
1823 0.120353 0.00273107 2.02461
1824 0.232843 0.00367321 18.8804
1825 0.123369 -0.000817853 1.29156
1826 0.156054 -0.000880009 0.991764
1827 0.145214 -0.000528933 2.36761
1828 0.140415 -0.00152643 3.21606
1829 0.124958 -0.000417491 2.68682
1830 0.148815 -0.00047358 1.92881
1831 0.126858 -0.00179786 1.70253
1832 0.151294 -0.00326108 0.721627
1833 0.143049 -0.00362358 0.60405
1834 0.132015 0.00447572 7.56882
1835 0.2 7.93016e-16 1.68711e-25
1836 0.160228 0.00346214 4.67384
1837 0.151689 -0.00299892 0.356379
1838 0.159673 -0.00218214 2.46019
1839 0.149652 -0.002035 1.8186
1840 0.141444 -0.00312249 0.518373
1841 0.161016 0.000222879 3.87729
1842 0.13574 -0.0032307 1.01266
1843 0.140949 -0.00229286 1.07543
1844 0.145938 -0.00156108 0.933697
1845 0.134799 -0.00184428 2.00352
1846 0.134082 -0.00184535 1.36447
1847 0.137524 -0.000838935 0.803646
1848 0.149394 -0.00065679 2.87627
1849 0.143712 -0.000235364 0.850313
1850 0.131725 -0.00479107 1.36404
1851 0.141553 -0.00528215 2.93559
1852 0.143767 -0.00259 1.87336
1853 0.15316 -0.00253036 6.03699
1854 0.138457 -0.00344859 1.71259
1855 0.137003 0.00295429 2.37425
1856 0.150751 0.00198251 29.5349
1857 0.17198 -0.0736577 4070.38
1858 0.194763 -0.122654 1462.8
1859 0.16794 0.00446072 5.92789
1860 0.133254 -0.0015707 0.886588
1861 0.147617 -0.00191857 2.13376
1862 0.138814 -0.000526788 2.27523
1863 0.148198 -0.00266929 3.24858
1864 0.153881 -0.00451286 1.89673
1865 0.156224 -0.00119786 3.59997
1866 0.132101 -0.00530215 0.655178
1867 0.13842 -0.000516075 1.90918
1868 0.130363 -0.00271786 0.215349
1869 0.145043 0.0021725 3.27251
1870 0.141474 0.000852139 2.89426
1871 0.137945 -0.00455 0.540518
1872 0.146615 -0.00208679 0.868315
1873 0.144249 -0.00273322 1.14418
1874 0.137103 -0.00281464 2.08782
1875 0.151968 -0.0023025 1.18555
1876 0.149833 -0.000382497 2.11418
1877 0.150963 -0.00433392 1.68284
1878 0.143691 8.91943e-06 0.607418
1879 0.150927 -0.00431714 0.191687
1880 0.130276 0.000832134 1.42536
1881 0.130224 0.000270706 1.08263
1882 0.144839 -0.00130536 2.20727
1883 0.132597 -0.000502866 1.36993
1884 0.14228 -0.00373965 2.74977
1885 0.120555 -0.00574286 0.806283
1886 0.153555 -0.00155965 1.09735
1887 0.144651 -0.00312715 0.877935
1888 0.13678 -0.00198964 3.69522
1889 0.14007 -0.000432852 4.85102
1890 0.16551 -0.00238606 11.3767
1891 -0.0175059 0.135862 400.279
1892 0.140662 0.00209107 15.3448
1893 0.145421 0.00165429 1.98969
1894 0.158114 -0.00373892 0.849777
1895 0.146568 -0.00187072 5.28724
1896 0.153063 -0.00373928 1.28408
1897 0.172562 -7.82311e-05 1.33286
1898 0.154765 -0.00379751 1.38107
1899 0.155214 -0.00595856 0.642858
1900 0.142675 -0.00522928 3.4696
1901 0.17163 -0.00317464 0.741023
1902 0.147169 -0.0012843 2.71862
1903 0.150398 -0.00434714 0.615149
1904 0.16602 -0.000312137 4.32
1905 0.144885 -0.00186535 1.51347
1906 0.131558 -0.000530354 1.06489
1907 0.128926 -0.000938944 0.834198
1908 0.152041 -0.00384143 0.73296
1909 0.126152 -0.000740715 0.485015
1910 0.156461 -8.18022e-05 2.25206
1911 0.143839 -0.0064707 0.491081
1912 0.148269 0.000203576 1.56727
1913 0.133184 -0.000989634 1.28054
1914 0.128961 -0.00133 0.257848
1915 0.132596 -0.00203072 2.1455
1916 0.142673 -0.00171321 0.205833
1917 0.14347 -0.00277393 0.576426
1918 0.129072 -0.00382893 0.805151
1919 0.121934 -0.00511036 0.69177
1920 0.14068 -0.00285036 0.31051
1921 0.152638 -0.00110715 5.49317
1922 0.131516 -0.000466076 3.21531
1923 0.142196 0.000352136 1.43232
1924 0.145929 -0.000925 1.28652
1925 0.137861 0.00241644 2.75805
1926 0.130228 0.000793215 0.887927
1927 0.125553 -0.00245607 4.47085
1928 0.1555 -0.000941785 3.64045
1929 0.148388 -0.00491894 0.87288
1930 0.155958 -0.00460143 1.78958
1931 0.142345 -0.00336821 1.1452
1932 0.15815 -0.00170035 0.4989
1933 0.15391 -0.00246641 2.20657
1934 0.133321 -0.00264286 1.62607
1935 0.15338 0.000357857 0.957724
1936 0.143475 -0.00155966 1.06797
1937 0.13966 -0.00179536 1.22609
1938 0.183372 -0.00212819 1.28171
1939 0.140622 -0.00608357 0.583153
1940 0.137253 -0.00271787 1.16209
1941 0.142126 -0.00301321 0.823085
1942 0.146925 -0.00298999 1.91875
1943 0.138469 0.00022786 2.34357
1944 0.299777 -0.000160017 1.63396
1945 0.164956 -0.00126785 0.991233
1946 0.152964 0.000814274 0.393512
1947 0.126811 -0.00497821 1.87662
1948 0.132282 -0.00226143 0.598144
1949 0.137232 0.00140929 2.51969
1950 0.143578 -0.0026607 0.822665
1951 0.138534 -0.00115428 1.91404
1952 0.131539 -0.001725 1.23656
1953 0.12368 -0.00327035 0.498086
1954 0.146638 -0.00274215 3.36932
1955 0.140983 -0.000139283 1.99229
1956 0.137491 -0.00241323 1.12317
1957 0.129761 -0.00205893 0.670645
1958 0.118769 -0.00182893 1.42667
1959 0.13877 -0.00229358 0.554009
1960 0.142962 0.00201607 0.814408
1961 0.131288 -0.00189786 0.284309
1962 0.141464 -0.0032175 1.24963
1963 0.167432 -0.000205008 1.12101
1964 0.166776 0.000495363 2.45923
1965 0.154638 -0.00264319 1.60446
1966 0.149714 -0.00107035 0.342858
1967 0.150557 -0.00141356 2.39632
1968 0.153997 -0.00181714 1.95371
1969 0.139369 -0.00376822 0.247226
1970 0.159701 -0.00123323 2.22978
1971 0.147267 -0.000842858 1.03163
1972 0.125029 -0.000621062 0.850909
1973 0.158832 -0.00237465 0.693326
1974 0.15015 -0.0017275 1.7974
1975 0.145221 -0.000508928 1.4021
1976 0.12756 -0.00238572 1.69688
1977 0.142531 -0.000606419 1.64351
1978 0.160006 -0.00234928 0.960408
1979 0.159277 0.00369429 5.86733
1980 0.146391 -0.000520343 1.79338
1981 0.151119 -0.00318286 0.509263
1982 0.134651 0.000348229 1.58658
1983 0.148184 -0.00063571 2.04671
1984 0.154202 -0.00278463 3.75481
1985 0.129128 -0.000820016 0.893091
1986 0.13007 -0.00315214 0.532189
1987 0.136313 -0.00557357 3.1238
1988 0.176975 0.0034 1.21671
1989 0.150818 -0.000496432 0.409781
1990 0.135636 -9.64212e-05 1.8577
1991 0.141087 -0.00196464 0.439689
1992 0.141141 -0.00183893 0.89175
1993 0.142164 -0.00206607 4.2848
1994 0.137016 -0.00232821 2.06829
1995 0.144516 -0.00252536 1.60766
1996 0.143394 -0.00392108 0.462889
1997 0.158252 -0.00112858 1.0498
1998 0.143693 -6.96364e-05 2.47624
1999 0.150917 -0.00292321 0.455751
2000 0.148731 -0.00276428 0.932236
2001 0.149836 -0.00193785 0.576088
2002 0.131751 -0.00186285 0.410279
2003 0.151136 -0.00101357 3.62192
2004 0.133938 -0.00159571 1.86346
2005 0.130149 -0.00218428 1.59339
2006 0.149094 -0.000217855 3.31962
2007 0.129458 -0.000527863 3.20629
2008 0.156992 -0.00213321 1.863
2009 0.135149 -0.000757517 1.26816
2010 0.148254 -0.00206499 3.66142
2011 0.150787 -0.00191215 2.419
2012 0.153793 -0.00198 2.77238
2013 0.150039 -0.00583858 1.13029
2014 0.151535 -0.000812502 1.82711
2015 0.141548 -0.00180502 1.20495
2016 0.160341 -0.000611086 0.95686
2017 0.153523 1.42785e-05 3.72931
2018 0.143139 -0.00222787 1.08013
2019 0.150413 -0.00398036 1.6629
2020 0.135442 -0.00388 0.533982
2021 0.156948 -0.00266285 1.4049
2022 0.159339 -0.00394895 4.31576
2023 0.154336 -0.00292214 6.266
2024 0.24237 -0.00387821 2.94079
2025 0.146973 -0.000672138 2.78843
2026 0.140164 -0.00364999 0.769312
2027 0.134571 -0.00190107 1.42874
2028 0.132517 -0.00188784 0.493197
2029 0.130634 -0.00109107 2.87813
2030 0.16023 -7.49851e-06 2.44591
2031 0.150353 -0.00221285 1.22208
2032 0.15153 0.00103714 0.283179
2033 0.151096 -0.00197893 0.357725
2034 0.146458 -0.00267678 2.4381
2035 0.155107 -0.00150822 0.869114
2036 0.131949 -0.00147677 1.66645
2037 0.127915 -0.000226061 0.441051
2038 0.140434 -0.00205109 2.03024
2039 0.140128 -0.000409287 1.22114
2040 0.155932 -0.00178 0.980655
2041 0.147539 -0.0010925 1.64201
2042 0.151692 -0.00243179 2.73573
2043 0.142012 -0.00260357 1.4994
2044 0.133033 0.0020632 1.63433
2045 0.146887 -0.00353357 2.26254
2046 0.157874 0.000181778 1.62993
2047 0.152669 -0.00339751 3.99423
2048 0.139704 -0.00179 1.94738
2049 0.140355 -0.00141821 0.0219127
2050 0.140078 -0.00047572 2.03998
2051 0.140699 -0.00124999 2.30091
2052 0.143604 -0.00178715 0.796495
2053 0.141572 -0.00256928 1.9755
2054 0.144196 -0.00515214 1.23749
2055 0.142223 -0.00369749 2.73807
2056 0.156345 -0.00207285 4.87703
2057 0.153563 -0.000975712 4.07812
2058 0.144013 -0.00273035 1.63852
2059 0.138831 0.00172893 2.45062
2060 0.142209 -0.00173607 0.647519
2061 0.144141 -0.00216465 1.88039
2062 0.152549 -0.00253284 1.80552
2063 0.131601 -0.000754643 1.80463
2064 0.149528 -0.000689663 1.5771
2065 0.151901 -0.00346715 1.62151
2066 0.136495 -0.00084571 2.8256
2067 0.139069 -0.000335356 3.25281
2068 0.146464 0.00129608 1.85472
2069 0.133699 0.000255012 1.99082
2070 0.141853 -0.00156822 1.25288
2071 0.1315 -0.00264643 0.507851
2072 0.138396 -0.00275 1.58899
2073 0.130212 -0.00184929 2.12329
2074 0.144611 -0.00225464 2.88362
2075 0.150242 -0.00297643 2.34203
2076 0.131588 0.000539991 1.48048
2077 0.132098 -0.00327178 2.24771
2078 0.134921 -0.00196322 1.28789
2079 0.135098 -0.000441772 2.68496
2080 0.136651 -0.00216857 0.453267
2081 0.132506 0.00024679 0.967443
2082 0.133332 0.00096535 0.39608
2083 0.148442 -0.00197178 1.71849
2084 0.143678 -0.000419643 0.802014
2085 0.138082 -0.00286464 1.41373
2086 0.148287 -0.00294429 1.34761
2087 0.145161 -0.000542493 0.999943
2088 0.134367 -0.0032907 1.91375
2089 0.143294 -0.00106107 0.194742
2090 0.145851 -0.00407037 1.85056
2091 0.151961 -0.0014175 0.803815
2092 0.147776 -0.00134893 1.4671
2093 0.146082 -0.002485 0.565419
2094 0.161341 -0.00191856 1.38446
2095 0.157632 -0.000937512 3.23637
2096 0.146446 -0.00313821 0.333724
2097 0.145852 -0.00110893 1.49161
2098 0.153975 -0.00285105 0.708402
2099 0.144091 -0.00200249 2.10576
2100 0.137487 -0.00347464 0.312339
2101 0.145814 -0.00344393 0.337733
2102 0.132943 -0.00178178 2.23002
2103 0.131995 -0.00495001 2.18773
2104 0.131163 -0.00137178 1.08413
2105 0.148257 -0.00277821 0.418349
2106 0.133165 -0.00299035 0.335651
2107 0.145764 -0.0030125 1.23431
2108 0.153517 -0.00325644 1.43985
2109 0.14696 -0.00344572 1.13153
2110 0.152333 -0.00348144 1.04327
2111 0.143388 -0.00362287 1.02447
2112 0.144672 -0.00328251 2.65374
2113 0.155824 -0.00440713 0.93433
2114 0.143042 -0.00207929 1.632
2115 0.13948 -0.000639292 0.393796
2116 0.10445 -0.00234464 0.63317
2117 0.144563 -0.00336107 1.0725
2118 0.14045 -0.00325392 0.449733
2119 0.149259 -0.00401249 1.12393
2120 0.151106 -0.00254179 3.78667
2121 0.154662 -0.0024868 0.882984
2122 0.155554 -0.00667999 0.973256
2123 0.14527 -0.00294678 0.653883
2124 0.16043 -0.0028657 8.41915
2125 0.14457 -0.0027 3.93418
2126 0.135096 -0.00477465 0.840287
2127 0.142679 -0.00353571 2.40138
2128 0.124412 -0.00339 1.04265
2129 0.122308 -0.00157071 1.34524
2130 0.14507 0.00138 0.31053
2131 0.173738 0.000650351 0.963015
2132 0.14164 -0.000954648 1.20974
2133 0.140505 -0.00261214 3.95382
2134 0.122233 -0.000448573 0.771914
2135 0.150508 -0.000330715 1.73542
2136 0.132756 -0.00270784 1.17233
2137 0.130169 -0.000856433 1.25681
2138 0.143673 -0.00910428 0.280878
2139 0.132366 -0.00130893 2.30491
2140 0.136973 -0.00565643 1.62087
2141 0.126997 -0.00133322 0.400637
2142 0.128314 -0.00338929 3.28333
2143 0.122551 -0.00207357 2.59654
2144 0.111915 -0.0018675 1.34867
2145 0.124481 -0.00274037 1.93425
2146 0.129562 -0.00168821 0.56434
2147 0.137446 -0.0015543 2.39072
2148 0.127762 -0.00329358 0.926887
2149 0.14013 -0.000715713 2.85905
2150 0.139467 -0.00564895 1.63214
2151 0.129421 -0.0016232 1.61512
2152 0.1361 -0.0021768 0.438925
2153 0.135607 -0.0041243 1.93845
2154 0.137621 -0.00402428 1.09384
2155 0.138115 -0.0042275 0.856865
2156 0.126028 -0.00544285 0.60067
