     W34        5790       28664     2932.13     13515.2
     W32        6234     30075.7     3076.55     14180.8
     W33        5694     19476.7     1992.33     9183.33
     W31        4814     20505.3     2097.56     9668.35
     W30        5282     23573.1     2411.37     11114.8
     W29        5866     16589.6        1697     7822.04
     W28        5730     14763.6     1510.22     6961.09
     W27        4962     11703.6     1197.21     5518.32
     W26        5834     22596.8      2311.5     10654.5
     W25        4842     18728.8     1915.83     8830.71
     W24        4570     13554.8     1386.57     6391.14
     W23        5210     17303.5     1770.03     8158.67
     W22        5962       25695     2628.42     12115.3
     W21        5210     15349.5     1570.15     7237.36
     W20        5158     17710.3     1811.65      8350.5
     W18        5106      2403.3     245.841     1133.16
     W19        4626     18467.9     1889.15      8707.7
     W17        5422       30426     3112.38       14346
     W15        5622     28411.2     2906.27       13396
     W16        6042     24492.4     2505.41     11548.3
     W14        4858     17730.9     1813.76      8360.2
     W13        4634     15951.6     1631.74     7521.24
     W12        3958     10185.2     1041.88     4802.38
     W11        5326       20643     2111.65     9733.28
     W10        4974     9421.98     963.806      4442.5
      W9        4710     9914.24     1014.16      4674.6
      W8        4462     11678.1     1194.59     5506.26
      W7        4430     24121.4     2467.46     11373.3
      W6        3682     3668.11     375.223     1729.53
      W5        4642       27078      2769.9     12767.4
      W4        3194     16284.4     1665.79     7678.17
      W3        3982     17134.3     1752.73     8078.91
      W1        6662     35783.7     3660.43     16872.1
      W2        5334     16778.5     1716.32     7911.11
     W67        5046     2033.37     2585.06     11947.5
     W68        5370     1975.83     2511.91     11609.4
     W66        4950     1901.07     2416.86     11170.1
     W65        4866      1856.5      2360.2     10908.3
     W64        4634     1120.19     1424.12     6581.92
     W63        4578     1469.59     1868.32     8634.91
     W62        7914     2238.76     2846.17     13154.3
     W61        5642     1070.02     1360.33     6287.13
     W60        6290     2472.99     3143.96     14530.6
     W59        4722     1044.17     1327.48     6135.27
     W58        4830      1909.5     2427.58     11219.7
     W57        5186     1328.16     1688.51     7803.89
     W56        5486     1552.74     1974.03      9123.5
     W55        4838     656.514     834.638     3857.49
     W53        3894     455.333     578.873     2675.41
     W54        4834     1438.79     1829.16     8453.93
     W52        6626     2528.11     3214.03     14854.5
     W50        5438     2536.98     3225.31     14906.6
     W51        5118     1487.61     1891.23     8740.79
     W49        4258     1075.51     1367.32     6319.41
     W48        4362     497.941     633.042     2925.76
     W47        4270     1329.04     1689.63     7809.06
     W46        5126     1776.96     2259.08     10440.9
     W45        4706     1283.74     1632.04     7542.92
     W44        5158     1806.84     2297.07     10616.5
     W43        5374     2218.68     2820.65     13036.4
     W42        4722     857.694      1090.4     5039.57
     W41        4266     967.625     1230.16     5685.49
     W40        5218      1540.5     1958.47     9051.57
     W39        4710     1486.84     1890.24     8736.25
     W38        3606     800.589      1017.8     4704.04
     W36        6010        1249     1587.87     7338.77
     W37        6006     1546.16     1965.67     9084.83
     W35        5022     1800.88     2289.49     10581.5
    W102        5578     1713.19     2298.36       10595
    W100        4862     1506.58     2021.18     9317.27
    W101        5330     1585.37     2126.88     9804.54
     W99        3902     1462.17     1961.61     9042.65
     W98        4882     1621.85     2175.82     10030.1
     W97        4354     1392.16     1867.68     8609.67
     W96        4686     1023.19     1372.68     6327.81
     W95        5458     1038.08     1392.66     6419.92
     W94        4386     1907.28     2558.75     11795.4
     W92        3726     730.408     979.892     4517.13
     W91        4390     487.567     654.104      3015.3
     W90        3982     827.399     1110.01     5116.96
     W89        4550     1302.35     1747.19     8054.23
     W93        4198     744.337     998.579     4603.27
     W88        4222     1075.04     1442.23     6648.43
     W86        3606     297.605     399.258     1840.51
     W87        5074     1129.65      1515.5     6986.16
     W85        4886      706.56     947.898     4369.64
     W83        3886     820.315     1100.51     5073.14
     W84        3146      594.05     796.959     3673.84
     W81        3918     894.138     1199.55      5529.7
     W80        4214     1550.29     2079.82     9587.57
     W79        3978     1352.57     1814.56     8364.81
     W78        4850     1606.86     2155.72     9937.47
     W82        3782     187.148     251.071     1157.39
     W77        4198     950.605      1275.3     5878.91
     W76        4342     1488.69     1997.17     9206.61
     W75        4634     1722.18     2310.42     10650.6
     W74        4334     1391.53     1866.83     8605.75
     W73        4758     1291.21     1732.24     7985.33
     W72        3434     726.707     974.927     4494.24
     W71        4122     1062.89     1425.94     6573.31
     W69        6258     2073.25     2781.41     12821.8
     W70        5158     1068.34     1433.24        6607
    W135        4534     3844.82     2267.24     10455.5
    W136        5454      4798.6     2829.68     13049.3
    W134        4690     2484.99     1465.37     6757.65
    W133        5326     4074.03     2402.41     11078.9
    W132        5078     2630.55      1551.2     7153.48
    W131        4794     2913.05     1717.79     7921.72
    W130        5342     1210.81     714.001     3292.67
    W129        4838     4091.65      2412.8     11126.8
    W128        5962     2405.46     1418.47     6541.38
    W127        4906     1869.16     1102.22     5082.97
    W126        4258     2206.41     1301.09     6000.09
    W125        5106     3354.99      1978.4     9123.53
    W124        5018     3127.98     1844.53     8506.19
    W123        5838     4341.67     2560.23     11806.7
    W122        4366      4421.2     2607.13       12023
    W121        5082     3835.44     2261.72     10430.1
    W120        4598     1788.07      1054.4     4862.46
    W119        4574     1874.48     1105.36     5097.45
    W118        6246     4341.34     2560.04     11805.8
    W117        4774     1746.08     1029.64     4748.27
    W116        4318      1357.6     800.561     3691.84
    W115        4874     3034.56     1789.44     8252.14
    W114        4886      2669.1     1573.93     7258.31
    W113        5418     2399.35     1414.87     6524.75
    W112        4914     3485.51     2055.36     9478.46
    W111        5262     3031.82     1787.83     8244.71
    W110        5026     3098.47     1827.13     8425.95
    W109        5502     3368.03     1986.09     9158.99
    W108        5426     4277.99     2522.68     11633.5
    W107        5078     4139.08     2440.77     11255.8
    W106        6098     2490.41     1468.56     6772.38
    W104        6566     2973.58     1753.48     8086.31
    W105        5922     3561.26     2100.03     9684.45
    W103        5754     4267.98     2516.78     11606.3
    W168        5998     2939.06     1222.46     5637.26
    W169        5814     4048.58     1683.94     7765.37
    W170        4878     2994.17     1245.38     5742.97
    W167        5174     2024.23     841.948     3882.58
    W166        4858     2303.03     957.912     4417.33
    W165        4422     4457.76     1854.14     8550.21
    W164        2742     3135.62     1304.21     6014.28
    W163        5470      3248.6     1351.21     6230.98
    W162        3578     1466.66     610.037     2813.13
    W161        3686     3940.75      1639.1     7558.56
    W160        4206     1718.99     714.988     3297.11
    W159        4726     3532.24     1469.18     6775.01
    W158        4422     3656.85     1521.01     7014.03
    W157        4550     3485.04     1449.55     6684.48
    W156        4106     2224.43     925.216     4266.56
    W155        4538     4852.81     2018.45     9307.93
    W154        4022     3210.49     1335.36     6157.89
    W153        4746     3466.27     1441.74     6648.47
    W152        5442     5555.35     2310.66     10655.4
    W151        4346     2568.24     1068.22     4926.02
    W150        4846     1696.46     705.618      3253.9
    W149        3822     2327.82      968.22     4464.87
    W148        6070     7680.13     3194.43     14730.9
    W147        5202     2029.48     844.133     3892.65
    W146        4190     2993.22     1244.99     5741.16
    W145        5182     2913.86     1211.98     5588.93
    W144        4674     4026.13     1674.61     7722.33
    W143        5474        6084     2530.55     11669.4
    W142        5270     5436.45     2261.21     10427.4
    W141        6326     4064.27     1690.47     7795.48
    W140        4854     3559.47     1480.51     6827.25
    W137        6426      7890.1     3281.77     15133.6
    W138        7010     8162.35     3395.01     15655.8
    W139        4926     2807.23     1167.62      5384.4
    W203        5130     26949.3     2658.63     12291.8
    W204        5474     20553.6     2027.67      9374.7
    W202        5062     12054.9     1189.25     5498.35
    W197        5810     23550.8     2323.35     10741.7
    W196        5518     9381.07     925.469     4278.79
    W201        4598     24309.3     2398.18     11087.7
    W200        4434     8527.19     841.232     3889.33
    W199        2894     8380.88     826.798      3822.6
    W198        5890     25727.9     2538.13     11734.7
    W195        5898     23290.8      2297.7     10623.1
    W194        8182     21742.5     2144.96     9916.95
    W193        5158     11646.4     1148.95     5312.04
    W192        4494     16765.1     1653.93     7646.74
    W191        5162       20661     2038.27     9423.68
    W190        5238     20702.5     2042.36     9442.58
    W188        5590     15914.5     1570.01     7258.75
    W189        5154       20459     2018.34     9331.54
    W186        5826     14307.4     1411.46     6525.72
    W187        5394     10240.4     1010.24     4670.73
    W185        5230     25241.9     2490.19     11513.1
    W184        5062     15274.9     1506.91        6967
    W183        5446     11106.7     1095.71     5065.86
    W182        5166     16083.1     1586.64     7335.65
    W181        5790     16904.5     1667.67     7710.28
    W180        5506     18712.7     1846.06     8535.05
    W175        6146     27022.6     2665.85     12325.2
    W174        5438     13616.9     1343.34     6210.78
    W179        5070     18935.7     1868.06     8636.73
    W178        6138     26263.9     2591.01     11979.2
    W177        6174     27987.6     2761.06     12765.4
    W176        6254     23602.1     2328.41     10765.1
    W172        5386     11961.6     1180.04     5455.78
    W173        5258     21571.3     2128.07     9838.87
    W171        7026     32024.6     3159.32     14606.7
    W236        5870     7860.65     3258.66     15062.4
    W233        4846     5392.87     2235.63     10333.7
    W234        4982     3393.57     1406.82      6502.7
    W237        5346     3375.97     1399.52     6468.98
    W238        5726     6778.14      2809.9     12988.1
    W235        4566     4732.19     1961.75     9067.74
    W232        5278     5463.42     2264.88     10468.9
    W231        5090     3149.36     1305.58     6034.75
    W230        7102     10117.5     4194.27     19387.1
    W229        5574     5716.89     2369.96     10954.6
    W228        4578     2655.74     1100.95     5088.88
    W227        5778     6338.67     2627.72       12146
    W225        6118     4069.19      1686.9     7797.31
    W226        5522     3699.05     1533.46     7088.05
    W223        5106     3639.83     1508.91     6974.58
    W224        5558     5971.83     2475.64     11443.1
    W222        5786     3515.27     1457.27      6735.9
    W220        5558     6114.94     2534.97     11717.3
    W221        5458     5617.13      2328.6     10763.5
    W218        5286     2912.58     1207.42     5581.04
    W219        6258     5729.24     2375.08     10978.3
    W217        5686     3936.95     1632.08     7543.92
    W216        4938     5969.78      2474.8     11439.2
    W215        5486     8103.01     3359.13     15526.8
    W214        6054     5724.54     2373.13     10969.3
    W213        6006      7709.6     3196.04       14773
    W212        5198      5692.8     2359.97     10908.5
    W211        5126     7000.83     2902.22     13414.9
    W208        5718     5785.12     2398.25     11085.4
    W205        6154     9660.94     4004.98     18512.1
    W206        5662     4696.57     1946.98     8999.48
    W209        5302     4228.66     1753.01     8102.88
    W210        5054     3663.78     1518.83     7020.47
    W207        4926     6146.55     2548.08     11777.9
    W271        5762     40634.1     2454.72     11313.5
    W272        6494     69718.4     4211.72     19411.3
    W269        5238     26611.2     1607.59     7409.22
    W270        4686     27881.3     1684.32     7762.85
    W267        5262     38343.6     2316.36     10675.8
    W268        5154     21229.9     1282.51     5910.94
    W266        5382     32376.6     1955.88     9014.45
    W265        6058     42542.3        2570     11844.8
    W264        5574     35551.1     2147.66     9898.33
    W261        5902     29463.1     1779.88     8203.28
    W262        5554     26744.7     1615.66      7446.4
    W263        6358     51619.4     3118.35     14372.2
    W257        5294     40808.6     2465.27     11362.1
    W260        5462     30140.7     1820.81     8391.92
    W258        6286     43722.1     2641.27     12173.3
    W259        5570     29892.7     1805.83     8322.89
    W256        6770     39700.4     2398.32     11053.6
    W252        5986       30887      1865.9     8599.73
    W255        5766     30595.2     1848.27     8518.46
    W253        5698     43324.7     2617.27     12062.7
    W254        6066     51268.7     3097.16     14274.5
    W251        5870     23978.8     1448.57      6676.3
    W248        6382     42502.8     2567.61     11833.8
    W249        6622     55178.6     3333.37     15363.1
    W250        5758     37000.7     2235.23     10301.9
    W247        6086     16710.3     1009.47     4652.56
    W246        6102     39920.6     2411.62     11114.9
    W245        6226     45829.2     2768.56       12760
    W243        5550     19030.5     1149.64     5298.57
    W244        5986     22657.5     1368.75     6308.41
    W241        4970     21420.4     1294.02     5963.99
    W242        4822     39636.2     2394.44     11035.7
    W239        5834     32144.7     1941.88      8949.9
    W240        5390     47865.8     2891.59       13327
    W305        7414     38611.6     2434.47     11228.5
    W306        4862     13280.1     837.312     3861.94
    W303        5818     36701.4     2314.03       10673
    W304        5322       34581     2180.34     10056.4
    W301        5494     24527.7     1546.48     7132.82
    W302        4814     18913.5      1192.5     5500.16
    W300        5106     34484.6     2174.26     10028.3
    W299        6066     39295.5     2477.59     11427.4
    W298        5806     32356.8      2040.1     9409.56
    W297        5806       45064     2841.29     13104.9
    W295        6186     50333.8     3173.55     14637.4
    W296        6226     38018.8     2397.09     11056.1
    W293        6078     28271.7     1782.54      8221.6
    W294        5714     19216.5      1211.6     5588.28
    W291        6182     36924.6      2328.1     10737.9
    W292        4722     29313.5     1848.22     8524.54
    W290        5698     35375.3     2230.41     10287.4
    W288        5722     47161.2     2973.52     13714.8
    W289        6446     41848.6     2638.56     12169.8
    W286        5470     46070.7     2904.76     13397.6
    W287        5098       24408     1538.93     7098.01
    W285        5730     19916.7     1255.75     5791.91
    W284        4654     17380.5     1095.85     5054.37
    W282        5146     31458.6     1983.47     9148.35
    W283        4710     21372.4     1347.53     6215.24
    W281        5646     25932.8     1635.07     7541.43
    W280        5738     25506.3     1608.18      7417.4
    W279        6062     23026.8     1451.84     6696.33
    W277        5066     21362.7     1346.92     6212.42
    W278        5942     37947.6      2392.6     11035.4
    W275        5510     39071.2     2463.44     11362.1
    W276        4218     34038.9     2146.15     9898.72
    W273        6530     65789.3     4148.02     19131.9
    W274        5194     32823.4     2069.52     9545.27
    W339        5454     651.216      822.19     3806.67
    W340        5874      1838.9      2321.7     10749.3
    W337        5294     1518.27     1916.89     8875.02
    W338        5606     1333.41     1683.49     7794.41
    W335        5926     951.008     1200.69      5559.1
    W336        5366     2348.64     2965.27     13728.9
    W334        4754     1573.52     1986.64     9197.99
    W333        5658     1257.58     1587.76     7351.18
    W332        6182     2210.36     2790.68     12920.6
    W330        6218     2055.94     2595.72       12018
    W331        6262     2229.26     2814.54     13031.1
    W329        4982     972.357     1227.64     5683.89
    W328        6710     1834.08      2315.6       10721
    W326        5506     1547.19      1953.4     9044.07
    W327        5670      1736.3     2192.16     10149.5
    W324        4746     960.319     1212.45     5613.53
    W325        5538     1980.93     2501.01     11579.5
    W323        5130     1340.67     1692.66     7836.88
    W321        5558      925.45     1168.42      5409.7
    W322        5670     1222.07     1542.92     7143.59
    W319        4834     1932.11     2439.37     11294.1
    W320        5990     1652.51     2086.37      9659.7
    W317        5246     1244.37     1571.08     7273.96
    W318        5022     1393.18     1758.95     8143.79
    W316        5558     1351.92     1706.86      7902.6
    W315        5734     2219.63     2802.38     12974.8
    W314        5514      1728.9     2182.82     10106.3
    W313        6146     1286.88     1624.75     7522.44
    W311        4806     1345.12     1698.28     7862.88
    W312        5338     1381.19     1743.82     8073.74
    W309        5310     1590.43     2007.99     9296.82
    W310        4950     999.012      1261.3      5839.7
    W307        5510     1891.79     2388.48     11058.4
    W308        5798     2805.65     3542.26     16400.3
    W373        5470     41546.4     1937.69     8940.57
    W374        5646     62321.1      2906.6     13411.2
    W371        4590       37536     1750.65     8077.56
    W372        4690       25995     1212.39        5594
    W369        5230     53855.3     2511.76     11589.4
    W370        5454     60340.9     2814.25     12985.1
    W368        6134     59199.8     2761.03     12739.5
    W367        5510       50439     2352.43     10854.2
    W366        6310     76862.3     3584.79     16540.4
    W365        5466     19943.8     930.162     4291.81
    W363        4890     32850.6     1532.12     7069.28
    W364        4702     29191.9     1361.48     6281.94
    W358        5598     40237.8     1876.66     8658.98
    W361        5618     39989.1     1865.05     8605.45
    W362        5786     46935.4     2189.02     10100.3
    W359        5814     53389.5     2490.04     11489.2
    W360        4594     32651.1     1522.82     7026.35
    W353        5670       34845     1625.14     7498.47
    W356        5974     67919.7     3167.72       14616
    W357        5814     50052.7     2334.42     10771.1
    W354        4994     41908.2     1954.56     9018.44
    W355        5418     37676.6      1757.2     8107.81
    W352        6278     45021.1     2099.74     9688.31
    W350        4922     37525.3     1750.15     8075.26
    W351        5242     23139.3      1079.2     4979.46
    W349        6062     28841.7     1345.15     6206.58
    W348        5502     44811.9     2089.99      9643.3
    W347        5302     48793.8      2275.7     10500.2
    W345        4590     38162.1     1779.85      8212.3
    W346        5474     53980.2     2517.59     11616.3
    W343        4610     36816.4     1717.08      7922.7
    W344        4850     39096.4     1823.42     8413.34
    W341        5334     71355.3     3327.95     15355.3
    W342        4270     17243.3      804.21     3710.66
    W407        4706     4498.24     1866.34     8594.64
    W408        6206     8293.72      3441.1     15846.5
    W405        4870     3876.03     1608.18     7405.81
    W406        5018     4966.09     2060.45     9488.55
    W403        6746      7560.4     3136.85     14445.4
    W404        4610     4364.03     1810.65     8338.21
    W402        5670     8173.29     3391.13     15616.4
    W401        5466     5256.36     2180.89     10043.2
    W400        5746     5062.87     2100.61     9673.46
    W398        6030     6119.09     2538.84     11691.5
    W399        5190     3165.94     1313.56     6049.05
    W397        5994     3872.33     1606.65     7398.73
    W396        5822     4421.74      1834.6     8448.48
    W394        5686     4851.79     2013.03     9270.16
    W395        5746     2991.53      1241.2     5715.82
    W392        5662      1927.5     799.727     3682.81
    W393        5678     5757.49     2388.81     11000.7
    W391        5354      5756.4     2388.36     10998.6
    W389        5710     5306.58     2201.72     10139.1
    W390        4842     4046.86     1679.06      7732.2
    W387        5626     5580.34     2315.31     10662.2
    W388        5574     4637.78     1924.23     8861.25
    W385        4750     3931.37     1631.14     7511.53
    W386        4950     2598.16     1077.99     4964.22
    W384        5910     5209.49     2161.44      9953.6
    W383        5570     4257.78     1766.57      8135.2
    W382        5530     4254.85     1765.36     8129.61
    W381        5842     5280.14     2190.75     10088.6
    W379        4494     3174.13     1316.96      6064.7
    W380        6310     5783.12     2399.44     11049.6
    W377        5386     5328.14     2210.67     10180.3
    W378        4758     4138.42     1717.05     7907.15
    W375        4890     4879.14     2024.38     9322.42
    W376        5470     2598.03     1077.94     4963.98
    W442        4750     3489.86     1446.57      6669.4
    W440        4982     4724.11     1958.17     9028.15
    W441        5450      6950.4     2880.98     13282.8
    W434        5254     4643.12      1924.6     8873.38
    W439        5062     5658.26     2345.38     10813.4
    W437        5462        3392        1406     6482.38
    W438        4698     6088.92      2523.9     11636.4
    W435        6038     6321.01      2620.1       12080
    W436        5074      4852.7     2011.47      9273.9
    W433        4990     5570.12     2308.85       10645
    W431        5686     7675.35     3181.48     14668.2
    W432        5698     5476.14     2269.89     10465.4
    W429        4802     5405.55     2240.63     10330.4
    W430        5694     8438.43     3497.78     16126.5
    W427        5434      3956.8     1640.12     7561.78
    W428        5418     5293.04        2194     10115.4
    W426        5410      5473.4     2268.76     10460.1
    W424        3302     2948.78     1222.29     5635.36
    W425        5046     2460.09     1019.72     4701.44
    W422        5198     5434.46     2252.62     10385.7
    W423        5114     3288.92     1363.28      6285.4
    W421        5354     4310.02     1786.53     8236.79
    W420        4774     3604.07     1493.91     6887.67
    W418        5094     5530.86     2292.58     10569.9
    W419        4402     4127.96     1711.07     7888.88
    W412        4618     3969.29     1645.29     7585.63
    W417        4338     5226.73     2166.51      9988.7
    W415        5538     5442.84     2256.09     10401.7
    W416        4966     4293.46     1779.66     8205.15
    W413        5698     6732.15     2790.52     12865.7
    W414        5390     5788.15     2399.22     11061.6
    W411        4054     3481.68     1443.18     6653.77
    W409        5342     6515.43     2700.69     12451.5
    W410        5386     5685.55     2356.69     10865.5
    W475        4686     6965.74     2790.98     12908.2
    W476        5706     5394.74     2161.52     9997.01
    W474        5546     5243.92     2101.09     9717.53
    W473        4978     3710.45     1486.68     6875.86
    W471        5318        3851     1542.99     7136.31
    W472        5434     5468.51     2191.08     10133.7
    W469        4478     5448.78     2183.17     10097.2
    W470        5254     6968.76     2792.19     12913.8
    W468        4594     5040.34     2019.53     9340.29
    W466        4690     3651.47     1463.04     6766.56
    W467        6190     3688.45     1477.86     6835.09
    W465        5894      5988.4     2399.38     11097.1
    W464        5770     3357.89     1345.41     6222.53
    W462        5382     3327.77     1333.34      6166.7
    W463        5662     4508.62     1806.48     8354.95
    W460        4650     4653.68      1864.6     8623.75
    W461        5130      4427.1     1773.81     8203.87
    W459        4770     3530.85     1414.71     6543.04
    W457        5042     5100.89     2043.78     9452.48
    W458        4618      4876.6     1953.92     9036.85
    W455        5118     2732.02     1094.64     5062.72
    W456        4742     3227.68     1293.24     5981.23
    W453        5106     4163.06     1668.02     7714.58
    W454        5210     1226.64     491.481     2273.09
    W452        6206     6081.65     2436.75     11269.9
    W451        5290     6188.54     2479.58       11468
    W449        5550     4544.32     1820.78     8421.11
    W450        3958     3873.97     1552.19     7178.88
    W447        6142     6479.42     2596.12       12007
    W448        5314     6414.75     2570.21     11887.2
    W446        5530     7029.06     2816.35     13025.6
    W444        4942     5327.34     2134.52     9872.12
    W445        4934     5292.37     2120.51     9807.32
    W443        4482     3766.02     1508.94     6978.83
    W510        4998     4897.15      2092.1     10183.2
    W508        5286     3565.46     1523.19      7414.1
    W509        4978     5153.04     2201.42     10715.3
    W507        5094     4207.39     1797.43     8748.92
    W505        5562     4674.78      1997.1     9720.83
    W506        5618     6452.23     2756.44     13416.9
    W503        5318     5025.92     2147.11       10451
    W504        5070     4962.37     2119.97     10318.9
    W502        5066     1089.38      465.39     2265.27
    W501        4994     5696.65     2433.66     11845.7
    W499        4502     4534.97     1937.38     9430.11
    W500        5270     3490.79     1491.29     7258.82
    W497        5090     2871.31     1226.65     5970.66
    W498        5946     5462.31     2333.54     11358.4
    W495        6274     5701.16     2435.58     11855.1
    W496        5130      3149.9     1345.66     6549.96
    W494        4658     727.231     310.679     1512.22
    W492        5242     3733.53     1594.99     7763.58
    W493        4562     3768.64     1609.99     7836.58
    W490        4990     2114.09     903.154     4396.07
    W491        5862     4129.94     1764.34     8587.87
    W489        5570     3086.43     1318.55     6417.98
    W488        4542     3210.24     1371.44     6675.43
    W486        4750     3470.24     1482.51     7216.08
    W487        5122     4026.19     1720.02     8372.14
    W485        5818     3679.82     1572.05     7651.88
    W483        5794     6308.11     2694.87     13117.2
    W484        5574      3208.2     1370.57      6671.2
    W481        4186     4091.94     1748.11     8508.87
    W482        4742     4709.74     2012.04     9793.51
    W480        4978     3173.34     1355.67      6598.7
    W479        4914     4025.01     1719.52     8369.69
    W477        4426     6408.83      2737.9     13326.6
    W478        5138      4094.6     1749.24     8514.38
    W543        5966     5728.08     2446.64     11895.9
    W544        5982     5021.95     2145.03     10429.5
    W542        5562     6514.24     2782.43     13528.6
    W541        6022      6010.1      2567.1     12481.6
    W539        6182     6919.65      2955.6     14370.6
    W540        4750     1910.21      815.91     3967.08
    W537        5014     4420.48     1888.12     9180.34
    W538        4986     3170.14     1354.07     6583.68
    W536        5178     3233.82     1381.26     6715.92
    W534        5298     4244.33     1812.89     8814.53
    W535        4818     2625.82     1121.57     5453.25
    W533        4294     3711.55     1585.32     7708.05
    W532        5874     3734.94     1595.31     7756.63
    W530        5594     2557.03     1092.19     5310.38
    W531        5158     4801.13     2050.71     9970.87
    W528        1866     7338.72      3134.6     15240.9
    W529        3978      2159.6     922.431        4485
    W527        3518     8231.83     3516.07     17095.7
    W525        4994     3064.43     1308.91     6364.13
    W526        5886     4626.74     1976.22     9608.71
    W523        5586     2315.95     989.215     4809.71
    W524        6022     4787.08     2044.71     9941.69
    W521        5326     4082.09     1743.59     8477.59
    W522        5130      4095.6     1749.36     8505.64
    W520        5054     4865.37     2078.15     10104.3
    W519        5022     3717.36      1587.8     7720.12
    W517        5726      7014.1     2995.94     14566.7
    W518        5626        3357     1433.88     6971.73
    W515        6346     5437.58     2322.56     11292.6
    W516        5154     2544.27     1086.73     5283.87
    W514        5754     5473.74        2338     11367.7
    W512        4798     4374.44     1868.46     9084.73
    W513        4878     1730.52     739.159      3593.9
    W511        5470     4285.42     1830.44     8899.86
    W578        5838     2734.56     1165.98     5675.38
    W576        4898     4907.79     2092.61     10185.8
    W577        5762      7325.4     3123.44     15203.3
    W575        4474     2507.66     1069.23     5204.47
    W573        4762     4129.33     1760.69     8570.13
    W574        5270     2868.27     1222.99     5952.89
    W571        6010     4713.95     2009.96     9783.46
    W572        5714     4092.71     1745.07     8494.12
    W570        5458     2572.49     1096.87     5339.01
    W569        6058     4106.33     1750.88      8522.4
    W567        5182     5673.17     2418.96     11774.3
    W568        4866     2398.53      1022.7     4977.97
    W566        4774     1926.07     821.248     3997.42
    W564        5898     3684.78     1571.14      7647.5
    W565        5522      3498.1     1491.54     7260.05
    W563        1686     79.6817     33.9751     165.374
    W560        1470      2669.7     1138.32     5540.76
    W558        5026     3703.24     1579.01     7685.81
    W559        5066     3336.53     1422.65     6924.73
    W557        5058     1795.03     765.374     3725.45
    W556        4902     1910.71     814.699     3965.54
    W554        5214     2973.61      1267.9     6171.51
    W555        5662      4223.5     1800.84     8765.57
    W553        6354     6586.88     2808.55     13670.6
    W551        5982     4841.18     2064.21     10047.5
    W552        5542     3843.67     1638.88     7977.26
    W549        6062     4257.79     1815.46     8836.73
    W550        5618      5291.6     2256.26     10982.3
    W548        5370     4271.89     1821.47        8866
    W547        5430     4788.51     2041.75     9938.22
    W545        5050     4712.35     2009.28     9780.14
    W546        5386     4340.58     1850.76     9008.56
    W611        5234      5922.7     2525.99     12289.7
    W612        6338      5321.5     2269.59     11042.2
    W610        4974     4308.46     1837.53     8940.13
    W609        5662     4678.98     1995.56     9708.96
    W607        5422     5029.57     2145.08     10436.4
    W608        5422     5543.29     2364.18     11502.4
    W605        4806     3787.74     1615.45     7859.62
    W606        5562      4293.8     1831.28     8909.71
    W604        4798     3090.47     1318.07     6412.77
    W602        5306     2212.06     943.431     4590.07
    W603        5930     6035.54     2574.12     12523.8
    W601        5046     3984.09     1699.19     8267.05
    W600        5062     3544.57     1511.74     7355.05
    W598        5514     3332.35     1421.23     6914.69
    W599        5946     5577.44     2378.74     11573.3
    W597        2558     4286.94     1828.35     8895.47
    W594        3310     6293.51     2684.14     13059.1
    W592        4834     3174.32     1353.83     6586.77
    W593        5026     2805.03     1196.33     5820.49
    W591        5702     6085.96     2595.62     12628.5
    W589        5038     5132.48     2188.97       10650
    W590        5010     4143.05     1766.98     8596.89
    W588        5618      3077.5     1312.53     6385.86
    W587        4590        3476     1482.49     7212.77
    W585        4990     3642.33     1553.43      7557.9
    W586        6362     4527.34     1930.88      9394.3
    W583        5298     6674.43      2846.6     13849.5
    W584        5214     2498.38     1065.54     5184.18
    W582        5230     5495.58     2343.83     11403.4
    W580        6038      3564.3     1520.15     7395.98
    W581        4882     2148.87      916.48     4458.94
    W579        5922      2965.5     1264.77     6153.45
    W646        7310     8072.79     3451.25     16781.2
    W644        5906     4685.36     2003.07     9739.62
    W645        6098     8432.11     3604.86     17528.1
    W642        6822     4518.76     1931.84     9393.31
    W639        6250     6257.56     2675.21     13007.8
    W640        6178     5667.95     2423.14     11782.2
    W638        5330     3501.11     1496.78     7277.87
    W643        5958     7453.05      3186.3     15492.9
    W641        7006     8476.95     3624.03     17621.3
    W637        6262     4986.03     2131.61     10364.6
    W635        5606     2535.54     1083.99     5270.72
    W636        4874     1906.15      814.91     3962.38
    W633        6314     4120.58     1761.62      8565.6
    W634        5222     3548.64      1517.1     7376.68
    W631        3710     3148.86     1346.19     6545.65
    W632        4890     3873.49     1655.98     8051.95
    W630        1166     3694.88     1579.62     7680.68
    W628        4798     2856.01     1220.99     5936.88
    W629        2502     6391.73     2732.57     13286.7
    W626        5062     2864.75     1224.73     5955.05
    W627        5546      5127.1     2191.92     10657.9
    W625        4866     2580.94     1103.39     5365.08
    W624        6242     6786.66     2901.41     14107.7
    W622        5250     5668.59     2423.41     11783.5
    W623        5786     4770.95     2039.66     9917.54
    W620        4922     4579.09     1957.64     9518.72
    W617        5318     5113.72      2186.2     10630.1
    W618        5510     5150.98     2202.13     10707.5
    W616        5086     4386.37     1875.24      9118.1
    W621        6034     3498.84     1495.81     7273.16
    W619        4966     4204.69     1797.57     8740.43
    W615        5618     1601.03     684.465     3328.11
    W613        6046     4886.95     2089.25     10158.7
    W614        4758     4123.01     1762.65     8570.64
    W679        6890      7546.5     3228.47     15676.4
    W680        6206     5539.62     2369.91     11507.5
    W678        5402      4321.8     1848.91     8977.72
    W677        6174     5497.65     2351.95     11420.3
    W675        6422     6118.12      2617.4     12709.2
    W676        5566     4602.92     1969.18      9561.7
    W673        5778     3495.85     1495.56     7261.96
    W674        6690     5247.56     2244.96     10900.8
    W672        5746     2532.05     1083.24     5259.86
    W670        5614     4608.95     1971.75     9574.21
    W671        5510     4578.24     1958.62     9510.43
    W669        6258     6535.12     2795.79     13575.5
    W668        6466     4106.91     1756.98     8531.33
    W666        5510     5162.41     2208.53     10723.9
    W667        7854     4760.45     2036.57     9888.94
    W664        5550     2272.41      972.16      4720.5
    W665        6602     7637.62     3267.45     15865.7
    W663        5982     736.653     315.148     1530.26
    W661        5582     2416.45     1033.78     5019.73
    W662        6574     4995.57     2137.16     10377.4
    W659        6098     2876.63     1230.65     5975.66
    W660        5734     3960.29     1694.25     8226.76
    W657        4658      3288.1     1406.68      6830.4
    W658        5310     3878.59      1659.3     8057.03
    W656        5854     3187.97     1363.85      6622.4
    W655        6806     6783.58     2902.08     14091.6
    W653        6038     3169.19     1355.81      6583.4
    W654        6250     7019.38     3002.96     14581.4
    W651        5670     5027.38     2150.76     10443.4
    W652        6282     2923.75     1250.81     6073.54
    W650        5630     5270.82     2254.91     10949.1
    W648        6774     4932.71     2110.26     10246.8
    W649        6086     6503.26     2782.16     13509.3
    W647        5854     7466.71     3194.33     15510.7
    W714        6046     6084.32     2593.44       12606
    W712        6070     6037.06      2573.3     12508.1
    W713        6474     5739.33     2446.39     11891.2
    W711        5990     4785.19     2039.69     9914.33
    W709        6618     5235.78     2231.75     10847.9
    W710        5574     6595.61     2811.38     13665.3
    W707        6758     5990.92     2553.63     12412.5
    W708        6662      4212.7     1795.67     8728.22
    W706        6170     2527.53     1077.36     5236.74
    W704        6554     1830.06     780.065     3791.67
    W705        6446     6860.83     2924.43     14214.8
    W703        6018     4367.89     1861.81     9049.75
    W701        6762     6749.61     2877.02     13984.4
    W702        6846      5226.7     2227.88     10829.1
    W699        6250     3649.36     1555.54     7561.05
    W700        6466     2487.47     1060.28     5153.73
    W698        5070     3677.95     1567.73     7620.28
    W696        6186     1667.57     710.802     3455.01
    W697        4914     2750.16     1172.26     5698.01
    W694        6038     3235.05     1378.94     6702.64
    W695        6902     6624.48     2823.69     13725.1
    W693        6018     2442.97     1041.31     5061.53
    W691        5866      5284.3     2252.43     10948.4
    W692        6358      5670.9     2417.22     11749.4
    W690        5566      3088.8      1316.6     6399.63
    W689        5242     4997.54      2130.2     10354.3
    W687        5778     3171.53     1351.86     6571.03
    W688        5590      4372.1     1863.61     9058.47
    W685        5510     2650.26     1129.67     5491.02
    W686        6534     3660.32     1560.21     7583.74
    W684        6046     6253.54     2665.57     12956.6
    W683        6218     5679.94     2421.07     11768.1
    W681        6030     6749.69     2877.06     13984.6
    W682        5406     4595.37     1958.78     9521.07
    W747        6302     31229.3     2388.15     11627.3
    W748        6362     30787.7     2354.38     11462.8
    W746        5698     30936.3     2365.75     11518.2
    W742        6010     30851.4     2359.26     11486.6
    W740        5370     29694.2     2270.76     11055.7
    W745        5962     25741.9     1968.52     9584.19
    W743        6150     14528.5     1111.02     5409.25
    W741        5786     18805.3     1438.07     7001.55
    W744        5334     24780.1     1894.97     9226.09
    W738        5858     25564.6     1954.96     9518.19
    W739        5042     21276.4     1627.04     7921.61
    W737        5766     26656.3     2038.45     9924.65
    W736        5762     28543.1     2182.74     10627.1
    W734        5398     22383.1     1711.67     8333.63
    W735        5838     22972.7     1756.76     8553.18
    W732        5758     21499.1     1644.07     8004.52
    W733        6266     34896.9     2668.62     12992.8
    W731        5670     22983.9     1757.61     8557.34
    W729        5902     18843.6        1441     7015.84
    W730        6026     29495.9     2255.59     10981.9
    W727        5894     24270.9     1856.03     9036.51
    W728        6594     27775.9     2124.06     10341.5
    W725        5926     19967.3     1526.93     7434.21
    W726        6778       22773     1741.48      8478.8
    W724        5966     24565.3     1878.55     9146.12
    W720        5854     15062.7     1151.87     5608.14
    W718        5714     27852.6     2129.93       10370
    W723        6150     23024.1     1760.69      8572.3
    W721        6138     21161.1     1618.22     7878.68
    W719        6106     29288.6     2239.75     10904.7
    W722        6574     31417.7     2402.56     11697.4
    W716        5622     31952.4     2443.45     11896.5
    W717        6842     50678.9     3875.49     18868.7
    W715        6718     20952.4     1602.26     7800.97
    W781        5954     5058.95     2158.19     10464.9
    W782        6638      8560.5     3651.97     17708.2
    W779        6498     5396.12     2302.03     11162.4
    W780        6838     5794.45     2471.96     11986.3
    W777        6102     5980.38     2551.28       12371
    W778        6298     6474.32        2762     13392.7
    W775        6118     6397.59     2729.26       13234
    W776        5650     5909.54     2521.05     12224.4
    W774        6398     6720.82     2867.15     13902.6
    W773        5918     3901.21     1664.29        8070
    W771        5606     3286.76     1402.16     6798.95
    W772        5730     4709.47      2009.1     9741.97
    W769        5534        5652     2411.19     11691.7
    W770        5746     2922.62     1246.81      6045.7
    W767        5570     4981.01     2124.94     10303.7
    W768        6126     5408.27     2307.21     11187.5
    W766        5950     5745.46     2451.06       11885
    W764        6342     3995.07     1704.33     8264.17
    W765        6006     3970.68     1693.92     8213.71
    W762        6734     4286.08     1828.48     8866.15
    W763        5514     2859.51     1219.89     5915.15
    W761        5238     2035.95     868.553     4211.55
    W760        6734     2678.96     1142.87     5541.67
    W758        5826     4197.13     1790.53     8682.15
    W759        5494     3611.07     1540.51     7469.83
    W756        6502     6580.93     2807.47     13613.2
    W757        5726     4173.83     1780.59     8633.95
    W755        6942      2927.5     1248.89      6055.8
    W753        5210     3702.13     1579.36      7658.2
    W754        5534     2966.91     1265.71     6137.33
    W751        5586     4291.96     1830.98     8878.31
    W752        6154     3471.64     1481.03      7181.4
    W749        6614     6699.39     2858.01     13858.3
    W750        6490     4258.48      1816.7     8809.05
    W815        6174     5405.12     2306.25       11195
    W816        5894     6224.73     2655.95     12892.6
    W813        5518     7558.83     3225.19     15655.8
    W814        6202     5248.99     2239.63     10871.7
    W811        5374     4549.82     1941.31     9423.53
    W812        6254     6743.48     2877.29       13967
    W810        5882     5488.93     2342.01     11368.6
    W808        5754     2263.39     965.739     4687.91
    W809        6238     4101.29     1749.93     8494.54
    W806        5130     5799.06     2474.33     12010.9
    W807        6074     3454.28     1473.86     7154.46
    W805        6026      4225.2      1802.8     8751.18
    W800        5262     2202.61     939.804     4562.01
    W801        5910     3644.16     1554.88     7547.74
    W804        6042     4336.91     1850.46     8982.56
    W802        5326     2414.96     1030.41     5001.84
    W803        6010     3946.72     1683.98     8174.39
    W795        6650     7253.91     3095.08     15024.2
    W796        6394      7352.7     3137.24     15228.8
    W799        5650     3425.28     1461.49      7094.4
    W797        5930     3587.84     1530.85     7431.09
    W798        5486        3359     1433.21     6957.12
    W793        6050     3868.88     1650.76     8013.17
    W794        6958     6487.52     2768.08     13436.9
    W792        6426     3463.11     1477.63     7172.75
    W791        6858     5350.99     2283.15     11082.9
    W789        6822     6926.86     2955.54     14346.8
    W790        6710      5791.8     2471.23     11995.9
    W787        6522     6124.97     2613.39       12686
    W788        6838     7431.79     3170.98     15392.6
    W785        7078     6398.27        2730       13252
    W786        6982     6831.43     2914.82     14149.2
    W783        7050     6436.08     2746.13     13330.3
    W784        6014     2693.98     1149.46     5579.74
    W847        6430     5725.59     2474.49     12050.4
    W848        6066     4309.21     1862.36      9069.4
    W845        6734      5435.8     2349.25     11440.5
    W846        6682     6236.53      2695.3     13125.7
    W849        6206     5437.29     2349.89     11443.6
    W850        6538     5201.28     2247.89     10946.9
    W843        6478     7364.32     3182.71     15499.3
    W844        6122     7901.92     3415.05     16630.8
    W842        6758     7138.06     3084.93     15023.2
    W841        5614     3039.28     1313.52     6396.64
    W839        6034     5664.79     2448.21     11922.4
    W840        6286     3398.41     1468.73     7152.49
    W836        5754     3970.83     1716.12     8357.24
    W834        6978     2973.94     1285.28     6259.11
    W837        5942     5400.73     2334.09     11366.7
    W838        5786      5584.4     2413.47     11753.2
    W835         250     10.2535     4.43135       21.58
    W831        6898     3896.51        1684     8200.82
    W829        6950      5458.2     2358.93     11487.6
    W832        5862     4610.39     1992.52     9703.28
    W833        6466     5303.97     2292.27       11163
    W830        5838     4565.77     1973.24     9609.38
    W828        6294     5384.79      2327.2     11333.1
    W826        6090     3474.35     1501.55     7312.31
    W827        6174     3780.09     1633.68     7955.79
    W824        4022     4206.48     1817.96      8853.2
    W825        7158     4287.37     1852.92     9023.44
    W823        7574      3265.5     1411.29     6872.75
    W819        6398     7300.29     3155.05     15364.6
    W820        6902     7013.04      3030.9       14760
    W817        7206      166379     71905.8      350171
    W818        6442     3708.71     1602.83     7805.56
    W821        6346     5934.96     2564.97       12491
    W822        6694     6078.92     2627.19       12794
    W882        6422     7355.95     3136.09     15243.8
    W879        6202     8463.57      3608.3     17539.1
    W880        6678     4549.74     1939.71     9428.45
    W883        6662     4807.64     2049.66     9962.89
    W884        6354      5378.9      2293.2     11146.7
    W881        6726     7433.99     3169.36     15405.5
    W878        6314     3284.87     1400.45     6807.25
    W876        6198     7144.26     3045.84     14805.1
    W877        6070      6393.9     2725.93     13250.1
    W875        6086     5047.33     2151.84     10459.6
    W873        6306     6080.81     2592.45     12601.3
    W874        6662     6101.32      2601.2     12643.8
    W872        6122     3676.43     1567.39     7618.69
    W870        6310     5218.33     2224.75       10814
    W871        6818     2354.92     1003.98     4880.11
    W868        7166     4036.36     1720.83     8364.56
    W869        6538     4279.29      1824.4        8868
    W867        6438     3183.32     1357.16     6596.82
    W865        5798     4969.91     2118.84     10299.2
    W866        6890     4775.53     2035.97     9896.36
    W863        6298     4271.03     1820.88     8850.88
    W864        6042     6280.38     2677.53     13014.8
    W862        6482     3763.92     1604.68     7799.99
    W860        6862     5180.33     2208.55     10735.2
    W861        6342     4553.51     1941.31     9436.26
    W859        5578     4824.86        2057     9998.58
    W857        6890     6674.04     2845.36     13830.6
    W858        6058     6267.64      2672.1     12988.5
    W854        6714     7355.22     3135.77     15242.2
    W851        6230     6109.88     2604.85     12661.5
    W852        6178     6804.57     2901.01     14101.1
    W855        6362     4511.77     1923.52     9349.77
    W856        6102     5751.04     2451.86     11917.9
    W853        5826     3493.71     1489.49     7240.03
    W917        6526     6637.72     2830.94     13753.1
    W918        6638     8540.16     3642.32     17694.9
    W915        6726     6649.87     2836.12     13778.3
    W916        6882     4271.33     1821.69     8850.03
    W913        6922     2735.59     1166.71     5668.04
    W914        7186     8054.62     3435.24     16688.9
    W911        6630     5801.41     2474.27     12020.3
    W912        6130     4549.02     1940.13      9425.4
    W910        5722     4270.63      1821.4     8848.59
    W909        6754     5312.57     2265.78     11007.4
    W907        6814     6152.26      2623.9     12747.3
    W908        5802     5127.85        2187     10624.7
    W905        6178      3150.7     1343.75     6528.13
    W906        6650     3481.45     1484.82     7213.44
    W903        6010      5254.7      2241.1     10887.6
    W904        5454     3076.16     1311.96     6373.69
    W902        6102     7140.47     3045.36     14794.8
    W900        6494     6310.83     2691.53     13075.8
    W901        5526     4322.54     1843.54     8956.15
    W898        5938     3621.03     1544.35     7502.65
    W899        6114     4652.02     1984.06     9638.82
    W897        5374     5518.33     2353.53     11433.8
    W896        5914     5977.79     2549.49     12385.8
    W894        5890     3179.21     1355.91     6587.21
    W895        6174      6474.7     2761.42     13415.3
    W892        6782     3009.98     1283.74     6236.57
    W893        6442     4839.73     2064.11     10027.8
    W891         766     4270.63     1821.39     8848.58
    W889        6234      5139.6        2192     10649.1
    W890        5590     6378.16     2720.25     13215.3
    W887        6302     5758.98     2456.17     11932.4
    W888        6542     5412.68     2308.47     11214.9
    W885        7454     7134.77     3042.93       14783
    W886        5990     4821.92     2056.52     9990.85
    W951        6630     7700.01      3327.2     16184.5
    W952        6790     6948.07     3002.28       14604
    W949        6394     5485.91     2370.48     11530.7
    W950        6294      5570.5     2407.03     11708.5
    W947        7306     7236.39     3126.87       15210
    W948        6794     6969.36     3011.48     14648.7
    W946        5934     6411.98     2770.64     13477.2
    W944        3294     1071.72     463.095     2252.63
    W945        5634     1508.84     651.975      3171.4
    W942        6058     1543.86     667.106        3245
    W943        6318     5647.05     2440.11     11869.4
    W941        6410     5161.75     2230.41     10849.4
    W940        6742     6264.12     2706.74     13166.4
    W938        5110     4500.71     1944.77     9459.94
    W939        6630     3208.45     1386.38     6743.77
    W936        6430     4574.54     1976.67     9615.11
    W937        6434     6312.84     2727.79     13268.8
    W935        5842     2711.21     1171.52     5698.63
    W933        5966     5506.32      2379.3     11573.6
    W934        6562     5844.25     2525.32     12283.9
    W931        6230     5423.94      2343.7     11400.5
    W932        5826     2597.26     1122.28     5459.12
    W929        6182     5429.12     2345.94     11411.3
    W930        5866     2843.58     1228.72     5976.86
    W928        5842     4401.28     1901.81     9250.95
    W927        7178     5969.97     2579.64     12548.1
    W925        6594     2554.52     1103.82     5369.29
    W926        6922     6471.27     2796.25     13601.8
    W923        6278     5230.24        2260     10993.3
    W924        6202     5323.26      2300.2     11188.8
    W921        6010     4074.99     1760.82     8565.13
    W922        6806     5293.71     2287.43     11126.7
    W919        7402     7763.81     3354.77     16318.6
    W920        6514      3762.7     1625.87     7908.73
    W986        6614     7041.54     3013.09     14624.9
    W984        6018     8190.55     3504.75     17011.4
    W985        6782     5634.97     2411.21     11703.6
    W983        6042     4505.72     1928.01     9358.17
    W981        6134     4937.34      2112.7     10254.6
    W979        5818     581.744      248.93     1208.26
    W982        6586     5984.89     2560.95     12430.3
    W980        6250     3657.59     1565.09     7596.63
    W978        5678     2777.06     1188.31     5767.81
    W976        6774     5096.69     2180.89     10585.6
    W974        5914      2561.3     1095.99      5319.7
    W977        6278     6044.65     2586.52     12554.4
    W972        6902     5034.36     2154.21     10456.1
    W975        6182     2788.08     1193.02     5790.71
    W973        5718     4825.99     2065.05     10023.3
    W970        5726     4177.66     1787.63      8676.8
    W971        6062     4701.18     2011.64     9764.12
    W968        5830     3078.92     1317.48     6394.78
    W969        6610     6221.03     2661.99     12920.8
    W966        5990     6086.02     2604.22     12640.4
    W964        5522     2880.63     1232.63     5982.93
    W967        6246     6859.91     2935.37     14247.7
    W962        6374     4911.99     2101.85       10202
    W965        5794     5410.73     2315.26     11237.8
    W963        5426     5103.18     2183.66     10599.1
    W961        6798     6079.09     2601.26       12626
    W959        6634     4511.34     1930.41     9369.84
    W957        6858     5910.88     2529.28     12276.6
    W960        6290     5286.76     2262.21     10980.3
    W958        7626     8785.65      3759.4     18247.4
    W956        6490     4544.92     1944.78     9439.59
    W955        6118     3885.29     1662.52     8069.57
    W953        7594     7037.11     3011.19     14615.7
    W954        6086     4028.53     1723.81     8367.06
   W1018        6214     4234.19     1830.55      8885.8
   W1019        6030     7043.76      3045.2     14781.9
   W1020        6610     6510.87     2814.81     13663.6
   W1013        6290     4797.57     2074.11     10068.1
   W1016        5718     3820.28      1651.6     8017.17
   W1014        5966     3877.86      1676.5        8138
   W1012        6006     7132.19     3083.43     14967.5
   W1017        5954     3591.65     1552.76     7537.36
   W1015        6182     5329.32        2304       11184
   W1010        6070     4719.27     2040.26     9903.78
   W1008        5742     3446.04     1489.81     7231.79
   W1011        5982     8113.33      3507.6     17026.5
   W1006        5874     4878.41     2109.06     10237.7
   W1009        6458     4676.98     2021.98     9815.02
   W1007        6674     6948.65     3004.08     14582.3
   W1005        7046     6838.75     2956.57     14351.7
   W1004        6674     7605.93     3288.24     15961.7
   W1003        5946     3906.97     1689.08     8199.09
   W1002        6742     6304.63     2725.65     13230.8
   W1000        6206     6173.57     2668.99     12955.7
    W998        6102     5048.72     2182.69     10595.1
   W1001        6046      7516.7     3249.66     15774.4
    W996        6354     7201.73     3113.49     15113.4
    W999        6034     4940.91     2136.08     10368.9
    W997        5690     3938.53     1702.73     8265.33
    W991        6646      4430.2     1915.29     9297.13
    W994        6686     3967.53     1715.26     8326.19
    W992        6406     5263.34     2275.48     11045.6
    W990        6534     3357.41     1451.49      7045.8
    W995        6290     4181.39     1807.72     8774.98
    W993        6190     3730.49     1612.79     7828.74
    W987        6574     3215.07     1389.96     6747.08
    W988        5158     1380.02     596.619     2896.09
    W989        5934     4366.75     1887.86     9163.98
   W1054        6082     6635.57     2831.15     13770.8
   W1052        6382     4686.43     1999.53     9725.74
   W1053        6406     9079.84     3874.03     18843.4
   W1050        6226     5386.65     2298.28     11178.9
   W1048        6666     7514.09     3205.98       15594
   W1046        5742     5494.19     2344.17     11402.1
   W1051        6298     8447.96     3604.43       17532
   W1049        6298     5240.32     2235.85     10875.2
   W1047        6034     5087.35     2170.58     10557.8
   W1044        6626     2721.09     1160.99     5647.07
   W1042        5958     4943.97     2109.41     10260.2
   W1045        6346     7110.58     3033.82     14756.6
   W1040        5806     4379.76     1868.68     9089.31
   W1043        6294     7249.46     3093.08     15044.8
   W1041        6030     6522.72        2783     13536.6
   W1039        6470     4750.27     2026.76     9858.21
   W1038        6558     5298.19     2260.54     10995.3
   W1037        6722     4420.12      1885.9     9173.06
   W1036        6830     5858.02      2499.4     12157.1
   W1034        6414     6075.61     2592.24     12608.7
   W1032        5902     5284.36     2254.64     10966.6
   W1035        5978     5538.23     2362.96     11493.5
   W1030        5474     2616.08     1116.19     5429.15
   W1033        5830     4173.31      1780.6     8660.85
   W1031        6018     4613.55     1968.43     9574.48
   W1028        6686     6110.92      2607.3       12682
   W1026        6474     6191.24     2641.57     12848.7
   W1024        4050     2148.79      916.81     4459.38
   W1029        6706     5371.23     2291.71     11146.9
   W1027        6602     6007.91     2563.36     12468.2
   W1025        6102     7252.04     3094.18     15050.1
   W1023        5706     5663.56     2416.43     11753.6
   W1021        6062     6355.99     2711.87     13190.6
   W1022        5762     4595.11     1960.56     9536.21
   W1087        6198     8106.15     3457.19     16798.9
   W1088        6450     9976.97     4255.07     20675.9
   W1086        6034        6847     2920.17     14189.5
   W1085        6530     5401.34     2303.61     11193.5
   W1083        6054     4424.45     1886.98     9169.08
   W1081        6770     5605.11     2390.52     11615.8
   W1084        6282     6544.24     2791.05       13562
   W1082        6778     5612.29     2393.58     11630.7
   W1080        6662     6790.43     2896.05     14072.2
   W1079        6590     8197.06     3495.96     16987.3
   W1077        6826     5870.52     2503.72     12165.9
   W1075        5942     2761.93     1177.93     5723.72
   W1078        6454     5185.83      2211.7     10746.9
   W1076        6682     5269.17     2247.25     10919.6
   W1073        6826     6533.24     2786.36     13539.2
   W1074        6238      5210.5     2222.23     10798.1
   W1072        6422     6661.75     2841.17     13805.6
   W1070        6190      4247.9     1811.69      8803.2
   W1071        6678      3239.1     1381.44     6712.59
   W1069        6410     6701.24     2858.01     13887.4
   W1068        5954     4664.71     1989.45     9666.97
   W1066        6598     6053.58     2581.79     12545.2
   W1064        6030     3472.57     1481.01     7196.43
   W1067        6246     4512.44     1924.51     9351.42
   W1065        6042     5069.16     2161.94     10505.1
   W1063        6822      4916.4     2096.79     10188.6
   W1061        6274     1915.64         817      3969.9
   W1059        6418     3689.95     1573.73     7646.93
   W1062        6194     4906.19     2092.44     10167.4
   W1060        6218     3635.43     1550.47     7533.94
   W1058        6214     6790.08      2895.9     14071.5
   W1056        5754      4982.9     2125.15     10326.4
   W1057        5882     4968.03     2118.81     10295.6
   W1055        6110     5286.55     2254.66     10955.7
   W1122        5806     4089.04     1746.22     8486.13
   W1120        6110     7267.29      3103.5     15082.1
   W1121        5766     4393.46     1876.23     9117.91
   W1119        6214     6814.42      2910.1     14142.2
   W1117        6358     7175.57     3064.33     14891.7
   W1115        6454     3122.08     1333.29     6479.37
   W1118        6722     5817.66     2484.43     12073.6
   W1116        8150     9001.29     3844.01     18680.7
   W1114        6358      3450.6     1473.58     7161.15
   W1111        6198     6094.21     2602.54     12647.6
   W1109        6154     3185.23     1360.25     6610.42
   W1112        6278     1880.68     803.145     3903.05
   W1110        6078     3878.78     1656.43     8049.77
   W1113        6102     6986.67     2983.66     14499.7
   W1108        6166     2077.91     887.372     4312.37
   W1106        6862     4293.84     1833.68     8911.16
   W1107        6402     5403.95     2307.76       11215
   W1105        6106     5012.33     2140.52     10402.3
   W1103        6798     3231.74     1380.11     6706.94
   W1104        6890     3140.56     1341.18     6517.73
   W1100        6458     4522.99     1931.55     9386.74
   W1098        5850     2744.24     1171.93     5695.22
   W1101        6234     5720.79     2443.06     11872.6
   W1099        6318     3888.79     1660.71     8070.56
   W1102        6878      4991.4     2131.58     10358.8
   W1097        6134      3980.1      1699.7     8260.05
   W1095        5998     4626.44     1975.72     9601.42
   W1093        6186     3015.23     1287.66     6257.63
   W1096        6362     4343.95     1855.08     9015.16
   W1094        5574     5035.74     2150.51     10450.9
   W1092        5918     4401.48     1879.65     9134.56
   W1091        5970     3642.18     1555.39     7558.75
   W1089        6206     5846.87     2496.91     12134.2
   W1090        6382     6623.23     2828.45     13745.4
   W1155        6234    -28343.5     2551.47     12406.4
   W1156        6738    -37773.7     3400.38     16534.2
   W1154        6486    -38867.9     3498.87     17013.1
   W1151        6682    -23223.1     2090.53     10165.1
   W1153        6626    -27224.8     2450.77     11916.7
   W1149        6178    -23905.9        2152       10464
   W1152        6346    -36227.4     3261.18     15857.3
   W1150        6458    -6053.29     544.915     2649.62
   W1148        6778    -23873.8     2149.11       10450
   W1146        6670    -25547.8      2299.8     11182.7
   W1144        7522    -23335.8     2100.68     10214.4
   W1147        6526    -13386.7     1205.06     5859.55
   W1145        6830    -25337.2     2280.84     11090.5
   W1143        6834    -28305.7     2548.07     12389.9
   W1141        6834    -25299.4     2277.45       11074
   W1142        6530    -25123.9     2261.64     10997.1
   W1140        6462    -19959.8     1796.78     8736.73
   W1138        6170    -27157.7     2444.73     11887.4
   W1139        6326    -14679.6     1321.45     6425.49
   W1137        6570    -21301.7     1917.57      9324.1
   W1135        5698    -14930.5     1344.04     6535.31
   W1133        6198      -16828     1514.85      7365.9
   W1136        6594    -19805.7      1782.9     8669.27
   W1134        7098    -22439.7     2020.02     9822.22
   W1132        6302      -15458     1391.52     6766.19
   W1129        7198    -26567.4     2391.59       11629
   W1131        5362    -19215.2     1729.75      8410.8
   W1127        6266    -28108.3      2530.3     12303.4
   W1130        6114    -20389.5     1835.46     8924.81
   W1128        6810    -31207.2     2809.26     13659.9
   W1126        6482    -24665.3     2220.36     10796.4
   W1124        5410    -12643.5     1138.16     5534.26
   W1125        5954    -15925.6     1433.62      6970.9
   W1123        6042    -29305.2     2638.04     12827.3
