0.23
0.2025
0.2024
0.2023
0.1825
0.1785
0.2313
0.1666
0.1975
0.2024
0.193
0.2261
0.2943
0.2821
0.1735
0.1645
0.1766
0.195
0.2132
0.2322
0.1804
0.1555
0.2414
0.1553
0.15
0.1707
0.2051
0.2084
0.1719
0.1419
0.1961
0.2457
0.2728
0.2352
0.2551
0.2612
0.2473
0.2052
0.2177
0.1656
0.1837
0.2262
0.2095
0.1849
0.2351
0.1972
0.2438
0.1766
0.2507
0.1906
0.1815
0.3048
0.1882
0.4238
0.2136
0.2014
0.2168
0.2267
0.1941
0.156
0.2205
0.147
0.2191
0.1951
0.1557
0.1739
0.2337
0.22
0.1797
0.1845
0.2028
0.2028
0.1933
0.6375
0.2123
0.1798
0.154
0.2464
0.2189
0.1973
0.2872
0.1573
0.2286
0.1653
0.1993
0.2074
0.2514
0.1701
0.2295
0.29
0.2378
0.2238
0.2604
0.2184
0.2192
0.208
0.1771
0.1633
0.2017
0.2327
0.1853
0.1765
0.1737
0.192
0.2324
0.2092
0.1965
0.2212
0.1878
0.1596
0.227
0.2727
0.2213
0.1842
0.1874
0.2197
0.2256
0.2186
0.2547
0.1938
0.286
0.2454
0.2315
0.2655
0.3066
0.2593
0.2748
0.2456
0.3038
0.4117
0.2686
0.1915
0.3726
0.2192
0.3758
0.2418
0.2307
0.2473
0.3099
0.2459
0.2578
0.2106
0.2517
0.2679
0.2387
0.1297
0.2254
0.2002
0.1656
0.1957
0.2036
0.2821
0.2474
0.2035
0.165
0.2554
0.1986
0.2303
0.228
0.2101
0.23
0.3042
0.248
0.2796
0.2917
0.2327
0.2702
0.2138
0.239
0.2396
0.2407
0.2137
0.2291
0.1688
0.2218
0.2455
0.192
0.1642
0.2105
0.2466
0.2494
0.2674
0.2451
0.2207
0.2218
0.2412
0.25
0.25
0.25
0.25
0.25
0.25
0.25
0.25
0.25
0.25
0.25
0.25
0.25
0.25
0.25
0.25
0.25
0.25
0.1731
0.2315
0.1554
0.2453
0.2121
0.1884
0.4033
0.2299
0.2258
0.2262
0.2113
0.2351
0.25
0.25
0.25
0.25
0.25
0.25
0.25
0.25
0.25
0.25
0.25
0.25
0.25
0.25
0.25
0.25
0.25
0.25
0.1854
0.1898
0.2013
0.1933
0.1798
0.1614
0.3191
0.2507
0.2091
0.2569
0.2608
0.2263
0.25
0.25
0.25
0.25
0.25
0.25
0.25
0.25
0.25
0.25
0.25
0.25
0.25
0.25
0.25
0.25
0.25
0.25
0.1952
0.2243
0.1856
0.2009
0.1518
0.1428
0.2755
0.2567
0.2288
0.3576
0.2852
0.2716
0.25
0.25
0.25
0.25
0.25
0.25
0.25
0.25
0.25
0.25
0.25
0.25
0.25
0.25
0.25
0.25
0.25
0.25
0.1862
0.1946
0.1774
0.1604
0.2268
0.1914
0.2623
0.2823
0.2845
0.2966
0.2873
0.3071
0.25
0.25
0.25
0.25
0.25
0.25
0.25
0.25
0.25
0.25
0.25
0.25
0.25
0.25
0.25
0.25
0.25
0.25
0.1627
0.2365
0.1772
0.1752
0.1454
0.1622
0.2404
0.2934
0.3197
0.3391
0.3042
0.2585
0.25
0.25
0.25
0.25
0.25
0.25
0.25
0.25
0.25
0.25
0.25
0.25
0.25
0.25
0.25
0.25
0.25
0.25
0.1878
0.1565
0.1852
0.2004
0.1806
0.1711
0.2748
0.3678
0.2616
0.2558
0.2743
0.2801
0.25
0.25
0.25
0.25
0.25
0.25
0.25
0.25
0.25
0.25
0.25
0.25
0.25
0.25
0.25
0.25
0.25
0.25
0.2456
0.2066
0.204
0.195
0.1595
0.2304
0.2899
0.2728
0.2684
0.2911
0.3096
0.2496
0.25
0.25
0.25
0.25
0.25
0.25
0.25
0.25
0.25
0.25
0.25
0.25
0.25
0.25
0.25
0.25
0.25
0.25
0.1372
0.1511
0.2062
0.2004
0.1818
0.1665
0.2412
0.2539
0.2566
0.2897
0.3092
0.4267
0.25
0.25
0.25
0.25
0.25
0.25
0.25
0.25
0.25
0.25
0.25
0.25
0.25
0.25
0.25
0.25
0.25
0.25
0.1808
0.1093
0.1888
0.1743
0.1648
0.1316
0.2978
0.2475
0.2854
0.2666
0.2958
0.2832
0.25
0.25
0.25
0.25
0.25
0.25
0.25
0.25
0.25
0.25
0.25
0.25
0.25
0.25
0.25
0.25
0.25
0.25
0.1367
0.1882
0.1678
0.1279
0.22
0.1496
0.2659
0.2705
0.3512
0.2919
0.2902
0.3776
0.25
0.25
0.25
0.25
0.25
0.25
0.25
0.25
0.25
0.25
0.25
0.25
0.25
0.25
0.25
0.25
0.25
0.25
0.1475
0.1561
0.266
0.1819
0.1991
0.1438
0.2686
0.3783
0.308
0.3083
0.2999
0.3045
0.25
0.25
0.25
0.25
0.25
0.25
0.25
0.25
0.25
0.25
0.25
0.25
0.25
0.25
0.25
0.25
0.25
0.25
0.1427
0.1933
0.1691
0.1656
0.1865
0.138
0.2609
0.3071
0.3053
0.2779
0.2877
0.3241
0.25
0.25
0.25
0.25
0.25
0.25
0.25
0.25
0.25
0.25
0.25
0.25
0.25
0.25
0.25
0.25
0.25
0.25
0.1855
0.1563
0.1753
0.1787
0.1736
0.14
0.2486
0.274
0.2414
0.237
0.2828
0.2869
0.25
0.25
0.25
0.25
0.25
0.25
0.25
0.25
0.25
0.25
0.25
0.25
0.25
0.25
0.25
0.25
0.25
0.25
0.1632
0.1948
0.1361
0.1652
0.1491
0.1912
0.27
0.2311
0.2659
0.3092
0.2074
0.1644
0.25
0.25
0.25
0.25
0.25
0.25
0.25
0.25
0.25
0.25
0.25
0.25
0.25
0.25
0.25
0.25
0.25
0.25
0.1325
0.1779
0.1537
0.1653
0.1177
0.2236
0.2048
0.2426
0.2259
0.1747
0.2753
0.2451
0.25
0.25
0.25
0.25
0.25
0.25
0.25
0.25
0.25
0.25
0.25
0.25
0.25
0.25
0.25
0.25
0.25
0.25
0.162
0.1668
0.2169
0.1869
0.223
0.1639
0.3122
0.2759
0.2864
0.2805
0.2403
0.2283
0.25
0.25
0.25
0.25
0.25
0.25
0.25
0.25
0.25
0.25
0.25
0.25
0.25
0.25
0.25
0.25
0.25
0.25
0.1794
0.1643
0.1185
0.1293
0.1618
0.1315
0.2741
0.3171
0.2459
0.2627
0.2856
0.2623
0.25
0.25
0.25
0.25
0.25
0.25
0.25
0.25
0.25
0.25
0.25
0.25
0.25
0.25
0.25
0.25
0.25
0.25
0.1278
0.1374
0.1448
0.1577
0.1381
0.1651
0.2502
0.2697
0.2664
0.2603
0.2834
0.2609
0.3
0.3241
0.3259
0.3206
0.3386
0.4706
0.3449
0.3316
0.3504
0.3152
0.2886
0.2951
0.3274
0.3217
0.3059
0.3254
0.3242
0.1771
0.3178
0.2479
0.1812
0.2225
0.298
0.2693
0.2772
0.3008
0.2393
0.2929
0.2486
0.2584
0.3265
0.3138
0.3495
0.3427
0.3227
0.318
0.318
0.3534
0.3097
0.316
0.2918
0.3178
0.3284
0.3308
0.3513
0.3387
0.3668
0.3257
0.3624
0.3506
0.3293
0.3317
0.3035
0.3054
0.2759
0.3277
0.2315
0.3041
0.2625
0.22
0.2612
0.3288
0.287
0.2997
0.2935
0.2997
0.279
0.2914
0.2545
0.2945
0.297
0.2629
0.2861
0.351
0.3098
0.3019
0.2618
0.2844
0.2804
0.3016
0.2822
0.2636
0.3132
0.25
0.2671
0.2871
0.2987
0.2988
0.2767
0.3103
0.3019
0.2607
0.3039
0.299
0.2816
0.2832
0.2494
0.3126
0.3012
0.3102
0.2928
0.2653
0.2767
0.2906
0.2757
0.3225
0.2818
0.3008
0.2893
0.3064
0.2568
0.3209
0.2264
0.3019
0.2789
0.2745
0.2883
0.2894
0.3017
0.2643
0.276
0.4435
0.3749
0.296
0.2643
0.2715
0.3136
0.2241
0.2693
0.2913
0.2973
0.1824
0.2228
0.2636
0.2405
0.2514
0.187
0.2568
0.2317
0.2863
0.2871
0.2605
0.3449
0.289
0.2466
0.2459
0.2741
0.261
0.272
0.2426
0.2711
0.2459
0.2638
0.4384
0.2709
0.2745
0.2943
0.215
0.2505
0.2542
0.2487
0.2453
0.2604
0.2557
0.3077
0.2873
0.2294
0.2221
0.3232
0.2612
0.2315
0.2503
0.2742
0.3333
0.25
0.25
0.25
0.25
0.25
0.25
0.25
0.25
0.25
0.25
0.25
0.25
0.25
0.25
0.25
0.25
0.25
0.25
0.25
0.25
0.25
0.25
0.25
0.25
0.25
0.25
0.25
0.25
0.25
0.25
0.25
0.25
0.25
0.25
0.25
0.25
0.25
0.25
0.25
0.25
0.25
0.25
0.25
0.25
0.25
0.25
0.25
0.25
0.25
0.25
0.25
0.25
0.25
0.25
0.25
0.25
0.25
0.25
0.25
0.25
0.25
0.25
0.25
0.25
0.25
0.25
0.25
0.25
0.25
0.25
0.25
0.25
0.25
0.25
0.25
0.25
0.25
0.25
0.25
0.25
0.25
0.25
0.25
0.25
0.25
0.25
0.25
0.25
0.25
0.25
0.25
0.25
0.25
0.25
0.25
0.25
0.25
0.25
0.25
0.25
0.1287
0.1614
0.2389
0.3131
0.2002
0.2561
0.2093
0.1988
0.1842
0.1791
0.1707
0.2206
0.1954
0.183
0.1587
0.142
0.1554
0.1638
0.1837
0.1601
0.168
0.1404
0.164
0.1848
0.1746
0.1502
0.1751
0.151
0.1493
0.164
0.1856
0.1367
0.1527
0.145
0.1801
0.1516
0.1503
0.262
0.1919
0.1835
0.2195
0.1963
0.1679
0.1689
0.1952
0.1779
0.2204
0.2087
0.211
0.1643
0.178
0.1235
0.2279
0.1769
0.1815
0.1653
0.1762
0.1862
0.1915
0.1362
0.1589
0.1103
0.2067
0.1974
0.1923
0.1813
0.1769
0.169
0.1445
0.1818
0.2347
0.2673
0.1856
0.2091
0.2021
0.217
0.2301
0.1805
0.2374
0.2232
0.2432
0.2397
0.247
0.2961
0.1897
0.255
0.169
0.2169
0.1937
0.2182
0.2115
0.2509
0.2137
0.2115
0.1593
0.1956
0.216
0.1912
0.2451
0.1831
0.1672
0.1589
0.151
0.1335
0.1446
0.1477
0.1808
0.1684
0.1644
0.1768
0.1636
0.1759
0.1641
0.1869
0.1827
0.217
0.1914
0.1393
0.1968
0.1881
0.1694
0.207
0.1488
0.1711
0.1668
0.2093
0.1792
0.1521
0.1947
0.1649
0.1911
0.1799
0.1745
0.1982
0.1983
0.1584
0.1393
0.1223
0.1906
0.1963
0.1464
0.1712
0.1652
0.1988
0.1729
0.2178
0.1788
0.154
0.254
0.194
0.209
0.1641
0.1922
0.2209
0.1954
0.2138
0.2039
0.2124
0.1901
0.2212
0.2398
0.2839
0.1744
0.3944
0.2247
0.1902
0.1785
0.1456
0.1543
0.1796
0.1228
0.1659
0.173
0.1676
0.1416
0.1472
0.143
0.1416
0.172
0.1627
0.1522
0.1738
0.1618
0.1781
0.1728
0.1555
0.1708
0.1532
0.1732
0.1621
0.1723
0.2011
0.175
0.0922
0.1527
0.1661
0.1588
0.1573
0.3573
0.2124
0.1999
0.1854
0.1726
0.1628
0.1421
0.1563
0.1771
0.1572
0.1681
0.1784
0.1739
0.1679
0.1434
0.1487
0.1681
0.179
0.1571
0.1626
0.1422
0.1618
0.1609
0.1519
0.1725
0.1575
0.1444
0.1554
0.1535
0.1975
0.1552
0.0871
0.1762
0.1692
0.1867
0.185
0.199
0.1534
0.1683
0.1601
0.1477
0.1684
0.1737
0.1867
0.1612
0.1478
0.1385
0.1458
0.1481
0.1401
0.132
0.1522
0.1545
0.1523
0.1562
0.1451
0.1541
0.1274
0.162
0.1397
0.1617
0.1613
0.1497
0.1638
0.1393
0.1559
0.1523
0.1785
0.1796
0.1884
0.1859
0.1886
0.158
0.1351
0.1349
0.1758
0.1668
0.224
0.1776
0.1474
0.1502
0.154
0.1543
0.1741
0.198
0.1904
0.1631
0.1643
0.1746
0.159
0.142
0.1636
0.1443
0.193
0.143
0.1601
0.1489
0.143
0.1452
0.1546
0.1495
0.1752
0.1587
0.2006
0.1558
0.1683
0.1173
0.1744
0.1558
0.1483
0.1702
0.1773
0.1769
0.1609
0.1393
0.1511
0.1554
0.1543
0.1733
0.1698
0.1862
0.1515
0.1582
0.1592
0.1797
0.1926
0.164
0.1655
0.1631
0.1312
0.1751
0.1415
0.1401
0.1447
0.1545
0.1891
0.1571
0.1635
0.1647
0.159
0.1593
0.1465
0.1639
0.2116
0.2026
0.1907
0.1989
0.1643
0.1729
0.1617
0.1456
0.1874
0.1739
0.1406
0.1531
0.175
0.1643
0.1424
0.1496
0.1529
0.1549
0.2027
0.1653
0.1561
0.1891
0.2039
0.1664
0.1415
0.1648
0.1479
0.1697
0.1569
0.1988
0.1902
0.1638
0.1595
0.1765
0.1605
0.1687
0.1837
0.2005
0.1399
0.1549
0.1617
0.1557
0.1566
0.1933
0.1846
0.1526
0.1519
0.1517
0.1797
0.1687
0.1539
0.1506
0.1575
0.1525
0.1572
0.1485
0.1458
0.1659
0.1628
0.1634
0.1599
0.1277
0.1869
0.1832
0.1755
0.1909
0.142
0.1704
0.1646
0.2261
0.2011
0.1636
0.1785
0.1689
0.1834
0.2199
0.1811
0.2033
0.2003
0.1695
0.1721
0.1803
0.2738
0.1715
0.1719
0.1629
0.167
0.1805
0.1586
0.156
0.1546
0.178
0.1707
0.1462
0.1784
0.1686
0.2003
0.1735
0.1802
0.16
0.172
0.2013
0.1852
0.1841
0.1574
0.1409
0.1689
0.168
0.2545
0.1714
0.1453
0.1813
0.1713
0.177
0.19
0.1798
0.1959
0.1905
0.1995
0.1713
0.1666
0.1633
0.1547
0.1484
0.1949
0.1397
0.1921
0.1975
0.1702
0.1737
0.1702
0.1781
0.1603
0.1912
0.155
0.2183
0.1722
0.1815
0.1914
0.2135
0.1853
0.155
0.1616
0.1535
0.1988
0.1716
0.2031
0.1604
0.1764
0.145
0.1659
0.186
0.1895
0.1342
0.1726
0.1743
0.1463
0.2022
0.1679
0.1839
0.1792
0.1716
0.1744
0.1595
0.1536
0.1789
0.1679
0.1815
0.176
0.1619
0.1893
0.1904
0.1534
0.1388
0.1798
0.1501
0.1575
0.1804
0.173
0.1689
0.1828
0.16
0.1467
0.1756
0.0885
0.0983
0.1946
0.1742
0.1651
0.1759
0.1557
0.2178
0.1719
0.1939
0.1838
0.1865
0.1844
0.1464
0.1852
0.1489
0.1589
0.1459
0.1397
0.1741
0.1659
0.1791
0.1645
0.1461
0.1556
0.1529
0.1638
0.1358
0.1762
0.1636
0.1926
0.176
0.1786
0.1671
0.4516
0.25
0.25
0.3315
0.1541
0.1579
0.1885
0.1702
0.1912
0.1482
0.1638
0.1515
0.1622
0.1961
0.1765
0.2051
0.1815
0.1494
0.1509
0.1498
0.154
0.1901
0.1666
0.1657
0.1713
0.1779
0.1391
0.1985
0.155
0.1775
0.1755
0.1606
0.1888
0.1844
0.1185
0.25
0.25
0.2399
0.1627
0.1455
0.1692
0.1794
0.1719
0.1485
0.1961
0.1908
0.154
0.1709
0.1787
0.1607
0.1788
0.1763
0.1442
0.1495
0.1911
0.1565
0.1764
0.1677
0.1629
0.18
0.1808
0.1473
0.1764
0.1536
0.1391
0.1786
0.1765
0.1545
0.1706
0.1754
0.1908
0.1816
0.1769
0.1388
0.1712
0.1613
0.1893
0.1419
0.1742
0.1452
0.1497
0.1272
0.1292
0.1524
0.1467
0.1424
0.1146
0.1548
0.1338
0.1567
0.1614
0.1556
0.1396
0.146
0.139
0.1272
0.1495
0.1984
0.1674
0.1455
0.1562
0.1573
0.1269
0.1423
0.157
0.1296
0.1543
0.1078
0.132
0.1426
0.1594
0.1621
0.1593
0.1545
0.1337
0.136
0.1561
0.1438
0.1629
0.1232
0.1414
0.1475
0.1662
0.1402
0.1437
0.1674
0.1373
0.1566
0.1645
0.167
0.158
0.147
0.1414
0.1377
0.1501
0.1279
0.1414
0.1879
0.1677
0.1333
0.1302
0.131
0.1247
0.1467
0.136
0.1438
0.141
0.1295
0.133
0.1367
0.1648
0.1491
0.1468
0.1321
0.1401
0.1277
0.1633
0.129
0.1529
0.1491
0.1531
0.1463
0.1392
0.139
0.1522
0.1509
0.1277
0.1494
0.1348
0.1456
0.1462
0.1542
0.1504
0.1354
0.167
0.1466
0.1526
0.15
0.1465
0.1802
0.1729
0.1511
0.1469
0.1478
0.1662
0.1433
0.1483
0.1355
0.1313
0.1297
0.1393
0.1598
0.1466
0.1742
0.1591
0.1267
0.1337
0.1528
0.1471
0.1573
0.1273
0.1722
0.1318
0.1624
0.1364
0.1454
0.1459
0.1539
0.1401
0.1562
0.1502
0.1579
0.1516
0.151
0.1431
0.1436
0.1547
0.1502
0.1434
0.1342
0.1287
0.1481
0.1295
0.1247
0.1507
0.1259
0.1276
0.1357
0.1285
0.1318
0.1304
0.1304
0.1375
0.1419
0.1236
0.1261
0.1372
0.1473
0.162
0.153
0.1701
0.1491
0.1669
0.1517
0.1499
0.1463
0.1773
0.1478
0.1564
0.1437
0.1513
0.1672
0.139
0.1642
0.146
0.1471
0.1501
0.1214
0.1311
0.1363
0.1251
0.1366
0.1321
0.1095
0.2264
0.1195
0.1522
0.142
0.1368
0.1226
0.146
0.1232
0.1469
0.1379
0.1295
0.2404
0.1575
0.1475
0.155
0.1459
0.1364
0.1576
0.1312
0.1367
0.1416
0.1307
0.1306
0.1346
0.1456
0.1413
0.1271
0.1366
0.14
0.1484
0.1338
0.1363
0.1473
0.131
0.1383
0.1594
0.1297
0.1434
0.1352
0.1439
0.148
0.1525
0.1257
0.1358
0.1258
0.142
0.1385
0.1329
0.1419
0.1397
0.1324
0.1481
0.1462
0.1452
0.1407
0.1453
0.1284
0.1283
0.141
0.1307
0.1385
0.1162
0.151
0.1397
0.133
0.1366
0.1605
0.2739
0.1355
0.1407
0.1525
0.1425
0.1474
0.1687
0.1495
0.1482
0.1368
0.1657
0.1435
0.1451
0.1629
0.1408
0.1285
0.1256
0.1468
0.1229
0.1536
0.1369
0.1452
0.1295
0.1253
0.1293
0.1383
0.1401
0.1261
0.1206
0.1366
0.1494
0.1287
0.1396
0.1433
0.1348
0.1282
0.1221
0.1514
0.1424
0.151
0.138
0.1542
0.1491
0.129
0.1508
0.1395
0.1357
0.1782
0.1345
0.1334
0.1371
0.1422
0.1362
0.2947
0.1602
0.1511
0.1209
0.1279
0.1351
0.1392
0.1362
0.1306
0.1206
0.1435
0.138
0.1341
0.1261
0.1157
0.1349
0.1419
0.1278
0.1366
0.1644
0.1641
0.1501
0.1463
0.1472
0.1498
0.1345
0.1568
0.1438
0.1226
0.154
0.146
0.1424
0.1239
0.1397
0.1555
0.1586
0.1431
0.1467
0.1325
0.1455
0.1498
0.1269
0.1277
0.1305
0.1777
0.148
0.1328
0.1377
0.1373
0.1377
0.1329
0.1397
0.1379
0.1546
0.1411
0.146
0.1437
0.1462
0.1281
0.1478
0.1305
0.1261
0.1459
0.1269
0.1524
0.132
0.1441
0.1462
0.1495
0.1434
0.148
0.1372
0.157
0.1507
0.1393
0.1463
0.1318
0.1542
0.1549
0.1502
0.2351
0.1438
0.135
0.131
0.1288
0.1272
0.1574
0.1454
0.1491
0.1469
0.1418
0.1512
0.1281
0.1248
0.1363
0.1371
0.1523
0.1442
0.1474
0.1377
0.1309
0.1423
0.1547
0.1474
0.1353
0.1364
0.1371
0.1376
0.1399
0.1386
0.1401
0.1397
0.153
0.1507
0.1392
0.1378
0.1383
0.1397
0.1481
0.1285
0.1461
0.1468
0.1337
0.1367
0.1448
0.1318
0.1384
0.1277
0.1334
0.1263
0.1409
0.1456
0.1291
0.1278
0.131
0.1322
0.1326
0.1298
0.1316
0.1437
0.1405
0.1338
0.1433
0.1429
0.1318
0.1427
0.1426
0.1491
0.1456
0.1421
0.1575
0.1543
0.1417
0.143
0.1499
0.1402
0.1337
0.1419
0.1297
0.1269
0.128
0.1443
0.1292
0.1417
0.1489
0.1429
0.1481
0.1396
0.1409
0.1507
0.1393
0.1374
0.1013
0.1404
0.1364
0.1445
0.1473
0.1524
0.1517
0.1444
0.1586
0.1424
0.1323
0.1398
0.1217
0.1209
0.1451
0.1734
0.1418
0.139
0.1213
0.1501
0.1302
0.129
0.1378
0.1309
0.1325
0.1255
0.1259
0.1206
0.1104
0.1221
0.1275
0.1365
0.1247
0.1391
0.136
0.1273
0.1338
0.1322
0.1346
0.135
0.1237
