-0.1689
-0.4370
-0.3537
-0.2592
-0.2891
-0.3744
-0.1714
-0.4042
-0.2356
-0.2725
-0.3046
-0.1797
-0.0882
-0.1182
-0.3688
-0.4982
-0.3112
-0.2511
-0.4584
-0.1853
-0.3298
-0.6099
-0.2093
-0.4590
-0.4474
-0.5089
-0.3377
-0.5018
-0.3898
-0.4550
-0.2122
-0.2244
-0.1681
-0.1670
-0.2066
-0.1931
-0.1938
-0.3619
-0.4040
-0.5092
-0.4382
-0.2798
-0.3236
-0.5669
-0.1494
-0.1697
-0.2259
-0.3560
-0.2102
-0.2101
-0.3337
-0.1585
-0.5832
-0.0686
-0.2250
-0.2269
-0.2966
-0.4569
-0.2961
-0.3340
-0.2954
-0.5683
-0.1650
-0.3648
-0.4887
-0.4030
-0.2162
-0.2661
-0.3853
-0.4043
-0.3009
-0.3054
-0.3004
-0.3526
-0.1432
-0.5595
-0.5620
-0.2060
-0.1890
-0.1817
-0.3119
-0.4995
-0.2347
-0.3681
-0.2247
-0.3036
-0.1835
-0.3977
-0.2854
-0.1266
-0.3595
-0.2585
-0.1428
-0.2079
-0.5124
-0.2620
-0.4021
-0.4968
-0.2369
-0.1587
-0.2723
-0.3761
-0.3331
-0.2041
-0.2172
-0.1914
-0.3149
-0.1260
-0.3518
-0.5673
-0.3617
-0.2056
-0.1535
-0.2225
-0.0987
-0.2167
-0.2342
-0.1793
-0.1347
-0.2423
-0.3381
-0.1248
-0.2292
-0.2030
-0.2329
-0.1715
-0.1648
-0.2602
0.
0.
0.
0.
0.
0.
0.
0.
-0.1494
-0.3683
-0.3416
-0.2334
-0.2726
-0.4559
-0.3652
-0.2196
-0.4227
-0.4480
-0.3120
-0.3723
-0.4864
-0.2521
-0.3611
-0.1581
-0.1942
-0.1198
-0.5202
-0.1897
-0.4498
-0.1735
-0.2372
-0.2699
-0.3216
-0.2967
-0.2181
-0.1565
-0.3233
-0.1901
-0.1149
-0.1516
-0.4077
-0.1368
-0.2880
-0.1653
-0.2050
-0.4234
-0.1829
-0.2252
-0.2527
-0.3631
-0.2963
-0.4975
-0.3521
-0.2597
-0.1714
-0.4367
-0.4755
-0.1601
0.
0.
0.
0.
0.
0.
0.
0.
0.
0.
0.
0.
0.
0.
0.
0.
0.
0.
-0.3285
-0.2024
-0.4971
-0.4713
-0.3349
-0.4644
-0.1409
-0.3019
-0.3438
-0.4875
-0.4415
-0.2820
0.
0.
0.
0.
0.
0.
0.
0.
0.
0.
0.
0.
0.
0.
0.
0.
0.
0.
-0.3171
-0.2987
-0.3114
-0.2392
-0.4088
-0.3204
-0.2934
-0.2086
-0.4638
-0.1672
-0.2128
-0.2325
0.
0.
0.
0.
0.
0.
0.
0.
0.
0.
0.
0.
0.
0.
0.
0.
0.
0.
-0.2170
-0.1920
-0.2357
-0.3038
-0.5397
-0.4736
-0.2422
-0.2530
-0.3144
-0.1698
-0.1850
-0.2908
0.
0.
0.
0.
0.
0.
0.
0.
0.
0.
0.
0.
0.
0.
0.
0.
0.
0.
-0.2476
-0.3164
-0.5106
-0.3346
-0.2499
-0.2717
-0.3709
-0.1588
-0.1689
-0.1336
-0.1446
-0.1869
0.
0.
0.
0.
0.
0.
0.
0.
0.
0.
0.
0.
0.
0.
0.
0.
0.
0.
-0.3845
-0.4261
-0.3533
-0.4109
-0.3699
-0.5398
-0.3397
-0.1932
-0.1547
-0.1883
-0.1886
-0.2239
0.
0.
0.
0.
0.
0.
0.
0.
0.
0.
0.
0.
0.
0.
0.
0.
0.
0.
-0.2317
-0.3756
-0.2895
-0.2049
-0.3842
-0.4275
-0.2371
-0.1853
-0.1567
-0.0922
-0.1377
-0.1968
0.
0.
0.
0.
0.
0.
0.
0.
0.
0.
0.
0.
0.
0.
0.
0.
0.
0.
-0.1463
-0.2442
-0.2347
-0.3353
-0.4500
-0.1714
-0.1685
-0.2112
-0.2222
-0.2224
-0.1731
-0.1989
0.
0.
0.
0.
0.
0.
0.
0.
0.
0.
0.
0.
0.
0.
0.
0.
0.
0.
-0.4431
-0.4308
-0.2360
-0.3030
-0.4017
-0.3904
-0.1777
-0.1675
-0.2026
-0.1847
-0.3886
-0.0458
0.
0.
0.
0.
0.
0.
0.
0.
0.
0.
0.
0.
0.
0.
0.
0.
0.
0.
-0.2453
-0.5968
-0.3471
-0.3791
-0.3408
-0.3429
-0.1957
-0.1437
-0.1609
-0.2109
-0.1678
-0.1702
0.
0.
0.
0.
0.
0.
0.
0.
0.
0.
0.
0.
0.
0.
0.
0.
0.
0.
-0.4425
-0.4028
-0.2841
-0.4630
-0.2931
-0.3388
-0.2031
-0.1877
-0.1022
-0.1988
-0.1997
0.
0.
0.
0.
0.
0.
0.
0.
0.
0.
0.
0.
0.
0.
0.
0.
0.
0.
0.
-0.3734
-0.2492
-0.1556
-0.2906
-0.2990
-0.3067
-0.4219
-0.3970
-0.2338
-0.2425
-0.2185
-0.2045
0.
0.
0.
0.
0.
0.
0.
0.
0.
0.
0.
0.
0.
0.
0.
0.
0.
0.
-0.3956
-0.2227
-0.2821
-0.4007
-0.3179
-0.3804
-0.3316
-0.2743
-0.3698
-0.4136
-0.2994
-0.3108
0.
0.
0.
0.
0.
0.
0.
0.
0.
0.
0.
0.
0.
0.
0.
0.
0.
0.
-0.3181
-0.3955
-0.2546
-0.2723
-0.2134
-0.4392
-0.1920
-0.1220
-0.2033
-0.1713
-0.1811
-0.1533
0.
0.
0.
0.
0.
0.
0.
0.
0.
0.
0.
0.
0.
0.
0.
0.
0.
0.
-0.3575
-0.2560
-0.4460
-0.6009
-0.6056
-0.3112
-0.4053
-0.4292
-0.1610
-0.2050
-0.3318
-0.4439
0.
0.
0.
0.
0.
0.
0.
0.
0.
0.
0.
0.
0.
0.
0.
0.
0.
0.
-0.3047
-0.4144
-0.4432
-0.4277
-0.5034
-0.3927
-0.2714
-0.2223
-0.2047
-0.4839
-0.2804
-0.1972
0.
0.
0.
0.
0.
0.
0.
0.
0.
0.
0.
0.
0.
0.
0.
0.
0.
0.
-0.3833
-0.2387
-0.1565
-0.3120
-0.4861
-0.4380
-0.1960
-0.1700
-0.3928
-0.1803
-0.1913
-0.1985
0.
0.
0.
0.
0.
0.
0.
0.
0.
0.
0.
0.
0.
0.
0.
0.
0.
0.
-0.5599
-0.3238
-0.5241
-0.4929
-0.2623
-0.4228
-0.2547
-0.2511
-0.1770
-0.1727
-0.1383
-0.2253
0.
0.
0.
0.
0.
0.
0.
0.
0.
0.
0.
0.
0.
0.
0.
0.
0.
0.
-0.5861
-0.5495
-0.3626
-0.4326
-0.3885
-0.2917
-0.2342
-0.1349
-0.2367
-0.1800
-0.3506
-0.2383
-0.1565
-0.2960
-0.2755
-0.1085
-0.1664
0.
0.
0.
-0.1051
-0.1497
0.
-0.1322
-0.1877
-0.1487
-0.1193
-0.2359
0.
-0.2846
-0.1690
-0.2118
-0.2159
-0.2059
-0.1593
-0.2503
-0.2914
-0.3800
-0.1812
-0.3505
-0.1912
-0.2377
-0.3438
-0.1201
-0.1618
-0.2998
-0.2360
-0.1301
-0.4112
-0.2242
-0.1784
-0.1676
-0.2930
-0.1410
-0.1391
-0.1689
-0.0767
-0.1208
-0.1445
-0.1026
0.
-0.3807
-0.2076
-0.2168
-0.2623
-0.1672
-0.2838
-0.1785
-0.2134
-0.2521
-0.1819
-0.2111
-0.2588
-0.1601
-0.2708
-0.1764
-0.1998
-0.1670
-0.1294
-0.1606
-0.1753
-0.1987
-0.1449
-0.1688
-0.1819
-0.1818
-0.1461
-0.2300
-0.2328
-0.2570
-0.1920
-0.3424
-0.2618
-0.1295
-0.1892
-0.1989
-0.2520
-0.2910
-0.2756
-0.1748
-0.1365
-0.2388
-0.3397
-0.1560
-0.2419
-0.1922
-0.1265
-0.1858
-0.2535
-0.3209
-0.1867
-0.2883
-0.2173
-0.1929
-0.1969
-0.1219
-0.1519
-0.2625
-0.3066
-0.1865
-0.2046
-0.1709
-0.0789
-0.2002
-0.1745
-0.1616
-0.2725
-0.1584
-0.1495
-0.1712
-0.1605
-0.1601
-0.1196
-0.0794
-0.1360
-0.2056
-0.1822
-0.1891
-0.0870
-0.2169
-0.2340
-0.1663
-0.1815
-0.3747
-0.1802
-0.2142
-0.2481
-0.2503
-0.3997
-0.1784
-0.3520
-0.4149
-0.3206
-0.2929
-0.4387
-0.3141
-0.4028
-0.4124
-0.1675
-0.1643
-0.2383
-0.2419
-0.2786
-0.2482
-0.1543
-0.6562
-0.2393
-0.2322
-0.1939
-0.2112
-0.2341
-0.2820
-0.1794
-0.1724
-0.2762
-0.1970
-0.1795
-0.3666
-0.1847
-0.2434
-0.2912
-0.2053
-0.0469
-0.2173
-0.2819
0.
0.
0.
0.
0.
0.
0.
0.
0.
0.
0.
0.
0.
0.
0.
0.
0.
0.
0.
0.
0.
0.
0.
0.
0.
0.
0.
0.
0.
0.
0.
0.
0.
0.
0.
0.
0.
0.
0.
0.
0.
0.
0.
0.
0.
0.
0.
0.
0.
0.
0.
0.
0.
0.
0.
0.
0.
0.
0.
0.
0.
0.
0.
0.
0.
0.
0.
0.
0.
0.
0.
0.
0.
0.
0.
0.
0.
0.
0.
0.
0.
0.
0.
0.
0.
0.
0.
0.
0.
0.
0.
0.
0.
0.
0.
0.
0.
0.
0.
0.
0.
0.0347
0.0111
0.0062
-0.0085
0.0247
0.0059
0.0168
0.0105
0.0052
0.0258
0.0100
-0.0028
0.0021
0.0131
0.0210
0.0171
0.0172
0.0089
0.0030
0.0212
0.0206
0.0241
0.0095
0.0081
0.0033
0.0124
-0.0060
-0.0076
0.0146
0.0029
0.0154
0.0066
0.0039
0.0242
0.0094
0.0090
-0.0067
-0.0052
-0.0012
0.0107
-0.0088
-0.0080
-0.0028
-0.0072
-0.0111
-0.0033
-0.0015
-0.0038
-0.0036
0.0080
0.0009
0.0050
0.0047
0.0069
-0.0034
-0.0026
0.0061
0.0104
0.0052
-0.0014
-0.0061
0.0027
-0.0080
-0.0088
0.0006
0.0083
0.0004
0.0088
0.0092
0.0020
-0.0041
-0.0115
-0.0021
-0.0005
-0.0033
0.0053
-0.0052
0.0018
-0.0071
0.0039
-0.0023
0.0030
-0.0067
-0.0022
0.0026
-0.0063
0.0013
-0.0091
-0.0031
-0.0014
-0.0083
-0.0046
-0.0062
-0.0043
-0.0019
-0.0022
-0.0128
-0.0085
-0.0100
0.0001
-0.0038
0.0120
0.0111
0.0069
-0.0041
-0.0021
-0.0074
-0.0018
-0.0079
0.0065
-0.0015
0.0000
0.0038
-0.0030
-0.0078
-0.0023
0.0017
-0.0035
-0.0032
-0.0007
0.0068
-0.0036
-0.0017
0.0076
-0.0038
-0.0011
0.0010
0.0020
0.0049
-0.0102
-0.0085
0.0045
-0.0007
-0.0059
0.0003
0.0153
0.0191
0.0116
-0.0038
0.0024
-0.0046
-0.0102
-0.0108
-0.0080
-0.0054
-0.0030
-0.0020
-0.0014
0.0023
0.0045
0.0018
-0.0011
-0.0032
0.0058
0.0069
0.0014
-0.0080
0.0154
-0.0032
-0.0046
0.0016
-0.0054
-0.0037
-0.0055
-0.0051
-0.0018
0.0067
0.0041
-0.0058
0.0122
0.0080
-0.0069
-0.0052
-0.0033
0.0105
0.0031
-0.0032
-0.0029
-0.0050
-0.0026
0.0038
-0.0049
-0.0023
-0.0089
-0.0034
-0.0071
-0.0018
-0.0052
-0.0029
-0.0080
-0.0035
-0.0098
-0.0062
-0.0015
-0.0057
-0.0015
-0.0026
0.0051
-0.0047
-0.0058
-0.0006
-0.0007
0.0001
0.0189
0.0126
-0.0023
-0.0059
-0.0055
-0.0050
-0.0047
0.0004
-0.0039
-0.0212
-0.0013
0.0120
0.0046
0.0022
-0.0007
0.0011
0.0014
-0.0016
0.0048
-0.0013
-0.0009
0.0325
-0.0009
0.0024
0.0002
0.0183
0.
0.0050
0.0012
0.0066
0.0059
0.0026
0.0147
-0.0082
0.0158
0.0058
-0.0047
-0.0031
-0.0059
-0.0127
0.0077
-0.0056
-0.0034
0.0050
0.0156
-0.0016
-0.0021
0.0106
0.0045
-0.0013
0.0071
0.0079
0.0097
0.0046
0.0038
0.0066
0.0088
0.0067
0.0040
0.0034
-0.0058
0.0013
-0.0085
-0.0043
0.0083
-0.0041
0.0061
0.0085
0.0157
0.0064
-0.0073
-0.0033
-0.0090
-0.0052
0.0020
-0.0029
-0.0006
-0.0036
0.0004
0.0074
-0.0029
0.0105
-0.0044
0.0078
0.0032
0.0166
0.0013
0.0210
0.0026
0.0055
0.0215
0.0167
0.0078
0.0002
-0.0018
0.0066
-0.0017
0.0069
0.0003
0.0064
0.0026
0.0145
0.0023
0.0062
0.0030
-0.0042
-0.0013
-0.0030
0.0090
-0.0104
0.0094
0.0045
0.0089
0.0014
-0.0038
-0.0034
-0.0052
0.0039
0.0146
-0.0093
-0.0022
-0.0036
-0.0022
0.0032
0.0053
0.0000
0.0036
-0.0019
-0.0091
0.0064
-0.0026
-0.0016
-0.0118
0.0035
-0.0056
-0.0074
0.0107
0.0109
0.0027
-0.0098
-0.0053
0.0022
0.0096
-0.0076
-0.0050
-0.0050
0.0010
-0.0026
0.0004
0.0046
-0.0019
-0.0002
-0.0025
-0.0028
-0.0030
-0.0018
0.0029
-0.0036
-0.0006
-0.0020
-0.0011
-0.0039
0.0204
0.0146
-0.0068
-0.0049
-0.0037
-0.0026
-0.0102
-0.0069
0.0124
0.0059
-0.0009
0.0007
-0.0104
-0.0075
0.0055
-0.0030
0.0040
0.0026
0.0021
-0.0041
0.0044
0.0006
0.0011
0.0023
0.0100
0.0018
-0.0054
-0.0075
-0.0013
0.0009
-0.0012
-0.0007
-0.0075
0.0040
-0.0032
-0.0127
-0.0098
-0.0018
-0.0049
-0.0040
-0.0105
-0.0047
0.0169
0.0051
0.0021
-0.0086
-0.0005
-0.0073
0.0015
-0.0052
-0.0031
0.0028
0.0022
-0.0008
-0.0054
-0.0040
-0.0068
-0.0026
-0.0077
0.0022
-0.0052
0.0018
-0.0138
-0.0008
0.0008
0.0009
-0.0010
-0.0048
-0.0151
-0.0062
-0.0115
0.0005
-0.0102
-0.0029
-0.0108
-0.0018
0.0038
-0.0014
-0.0022
-0.0055
-0.0052
-0.0048
-0.0015
-0.0025
-0.0067
0.0035
0.0131
-0.0082
-0.0057
0.0002
0.0072
0.0044
0.0013
0.0047
-0.0006
0.0028
-0.0037
0.0021
-0.0067
-0.0043
-0.0088
-0.0014
0.0005
0.0071
-0.0070
-0.0036
-0.0036
-0.0004
-0.0094
-0.0016
0.0142
0.0083
-0.0171
0.0094
0.0037
-0.0042
0.0051
-0.0060
-0.0069
-0.0093
-0.0060
-0.0086
-0.0079
0.0136
0.0053
-0.0070
0.0010
-0.0169
-0.0126
0.0063
0.0117
-0.0073
-0.0022
-0.0100
0.0022
-0.0235
-0.0122
0.0028
-0.0163
0.0002
-0.0261
0.0004
-0.0169
-0.0167
-0.0022
-0.0152
0.0079
0.0028
0.0030
-0.0157
-0.0110
-0.0122
-0.0054
-0.0008
0.0034
-0.0041
-0.0094
0.0164
-0.0045
0.0170
0.
0.
0.
0.
0.0119
-0.0119
-0.0006
-0.0150
-0.0148
-0.0084
-0.0147
-0.0109
-0.0175
-0.0187
0.0037
0.0016
-0.0050
-0.0047
0.0293
-0.0127
-0.0106
-0.0004
0.0088
-0.0081
0.0124
-0.0129
0.0005
-0.0036
0.0005
0.0063
0.0002
-0.0049
0.0190
0.0200
0.
0.
0.
0.
0.0133
-0.0112
-0.0032
-0.0075
-0.0037
0.0262
0.0347
0.0282
-0.0221
-0.0055
0.0179
-0.0072
0.0207
0.0181
0.0006
-0.0040
-0.0198
-0.0048
-0.0008
0.0023
0.0014
-0.0064
-0.0041
-0.0032
-0.0166
-0.0060
-0.0187
-0.0152
-0.0153
-0.0042
0.
0.
0.
0.
-0.0035
0.0097
-0.0050
-0.0068
0.0125
0.0131
-0.0083
0.0003
0.0032
-0.0112
-0.0066
-0.0193
-0.0126
-0.0312
0.0198
0.0040
-0.0056
-0.0024
-0.0094
0.0005
0.0027
-0.0007
-0.0138
0.0063
-0.0150
-0.0046
-0.0083
-0.0054
-0.0154
-0.0079
0.
0.
0.
0.
-0.0061
-0.0068
-0.0122
-0.0100
-0.0152
0.0122
0.0338
0.0283
-0.0136
-0.0117
-0.0204
-0.0192
-0.0193
0.0039
0.0207
0.0085
-0.0060
0.0039
-0.0043
-0.0206
-0.0021
-0.0146
-0.0129
-0.0012
-0.0109
-0.0153
-0.0165
0.0107
0.0021
0.0053
0.0061
-0.0046
-0.0109
0.0085
-0.0090
-0.0012
-0.0057
-0.0090
-0.0040
-0.0065
-0.0038
0.0060
-0.0158
-0.0006
-0.0277
-0.0147
-0.0176
-0.0123
0.0161
0.0182
-0.0202
-0.0107
-0.0193
-0.0221
0.0058
-0.0088
-0.0000
-0.0077
-0.0008
-0.0022
0.0005
-0.0016
0.0014
0.0138
0.0059
-0.0041
-0.0171
0.0016
0.0103
0.0030
-0.0106
-0.0064
-0.0188
0.0071
0.0136
-0.0145
-0.0072
0.0122
-0.0148
-0.0205
-0.0257
-0.0127
0.0188
0.0087
-0.0077
-0.0087
-0.0015
-0.0027
-0.0147
-0.0008
-0.0051
-0.0047
0.0006
-0.0063
-0.0074
0.0182
0.0052
-0.0009
0.0006
-0.0084
-0.0084
-0.0055
-0.0290
-0.0009
-0.0112
-0.0148
0.0098
-0.0014
-0.0085
0.0007
-0.0120
0.0078
-0.0169
-0.0082
-0.0036
0.0077
0.0208
0.0031
-0.0088
0.0030
-0.0076
-0.0089
-0.0035
0.0034
0.0021
0.0039
-0.0147
-0.0107
-0.0024
-0.0211
0.0134
-0.0063
-0.0005
-0.0199
0.0064
0.0095
-0.0088
-0.0269
0.0050
-0.0016
-0.0004
-0.0121
-0.0011
-0.0062
-0.0103
0.0015
-0.0061
-0.0011
-0.0093
-0.0115
0.0154
0.0178
-0.0053
-0.0016
0.0009
-0.0010
-0.0054
0.0250
0.0206
0.0061
0.0057
-0.0033
-0.0097
-0.0076
0.0152
-0.0060
0.0009
0.0075
-0.0040
-0.0001
0.0021
0.0075
-0.0038
0.0012
-0.0039
-0.0024
-0.0067
0.0024
-0.0040
-0.0095
-0.0121
-0.0051
-0.0042
-0.0138
0.0138
0.0250
-0.0122
0.0068
0.0049
-0.0037
-0.0025
0.0087
0.0206
0.0052
0.0003
-0.0036
-0.0058
-0.0075
0.0023
-0.0053
0.0008
0.0062
-0.0017
0.
-0.0184
0.0045
-0.0004
-0.0026
-0.0021
-0.0090
0.0036
0.0066
-0.0063
-0.0015
-0.0007
-0.0106
-0.0145
-0.0130
0.0091
0.0209
-0.0056
-0.0072
0.0041
-0.0096
-0.0067
0.0255
0.0099
0.0140
0.0009
-0.0042
-0.0050
0.0012
0.0110
-0.0067
0.0075
-0.0005
0.0053
-0.0062
-0.0047
0.0046
-0.0060
0.0007
0.0049
0.0053
-0.0016
0.0066
-0.0058
0.0101
-0.0087
-0.0162
-0.0094
-0.0029
0.0159
0.0237
-0.0032
0.0053
0.0013
-0.0081
-0.0015
0.0190
-0.0001
-0.0000
0.0046
0.0048
0.0054
-0.0047
0.0042
0.0113
0.0119
0.0060
0.0061
0.0001
-0.0059
-0.0007
-0.0046
-0.0051
0.0110
-0.0031
-0.0057
0.0251
-0.0128
0.0011
-0.0081
-0.0067
-0.0031
-0.0073
0.0197
0.0306
-0.0068
-0.0091
-0.0047
-0.0096
-0.0020
-0.0043
-0.0007
0.0151
-0.0078
0.0144
0.0076
-0.0005
-0.0031
0.0056
-0.0021
-0.0046
0.0039
-0.0057
0.0000
0.0158
0.0020
0.0021
-0.0048
-0.0052
-0.0165
-0.0027
-0.0106
0.0154
-0.0073
-0.0065
-0.0100
-0.0146
0.0075
0.0170
-0.0020
-0.0052
0.0024
0.0006
-0.0029
-0.0081
-0.0096
-0.0022
-0.0021
-0.0007
-0.0003
0.0060
-0.0029
-0.0055
-0.0064
0.0123
-0.0038
-0.0015
-0.0087
-0.0025
-0.0055
-0.0014
-0.0050
-0.0098
-0.0153
-0.0177
-0.0098
-0.0095
-0.0106
-0.0090
-0.0032
-0.0069
0.0123
0.0222
-0.0035
-0.0110
-0.0044
-0.0127
-0.0029
-0.0046
0.0028
0.0027
0.0091
-0.0061
-0.0116
-0.0014
0.0014
-0.0006
0.0007
-0.0034
-0.0099
-0.0043
-0.0115
-0.0037
-0.0125
-0.0069
-0.0075
-0.0007
-0.0038
0.0139
-0.0094
-0.0100
-0.0043
-0.0093
-0.0035
0.0039
0.0146
0.0121
-0.0024
0.0062
-0.0049
-0.0108
-0.0048
-0.0028
-0.0065
-0.0034
-0.0055
-0.0073
-0.0105
-0.0023
0.0019
-0.0019
-0.0045
-0.0053
-0.0026
-0.0070
-0.0019
-0.0078
0.0012
0.0104
-0.0226
0.0012
-0.0140
-0.0009
-0.0081
-0.0097
-0.0032
-0.0070
-0.0013
-0.0098
0.0200
0.0057
-0.0067
-0.0105
-0.0034
-0.0050
-0.0036
-0.0001
0.0032
-0.0102
-0.0045
-0.0012
-0.0091
-0.0061
-0.0073
-0.0092
-0.0068
-0.0035
-0.0104
-0.0026
0.0009
-0.0046
-0.0119
-0.0049
-0.0114
-0.0070
0.0014
-0.0080
-0.0143
-0.0028
0.0002
-0.0013
-0.0014
-0.0051
0.0127
-0.0019
0.0012
-0.0063
-0.0028
0.0065
-0.0033
0.0029
-0.0071
-0.0077
-0.0016
-0.0046
0.0050
0.0054
-0.0036
0.0031
-0.0041
-0.0053
0.0024
-0.0019
0.0100
0.0022
0.0072
0.0057
0.0034
0.0009
-0.0068
0.0013
0.0011
-0.0041
0.0016
0.0143
-0.0020
-0.0047
0.0207
0.0274
0.0148
0.0112
0.0219
0.0232
0.0111
0.0022
0.0009
-0.0029
-0.0052
0.0045
0.0027
0.0049
0.0147
0.0092
0.0482
0.0176
0.0176
0.0086
0.0134
0.0043
0.0140
0.0121
0.0075
0.0079
0.0116
0.0088
0.0290
0.0063
0.0215
0.0208
0.0232
0.0219
0.0351
