6  23  0  321.892  2.17354
6  23  1  353.933  1.9445
6  23  2  324.957  1.8143
6  23  3  442.314  1.93165
6  23  4  364.51  2.15698
6  23  5  591.879  2.23451
6  23  6  617.709  2.0773
6  23  7  465.712  2.09283
6  23  8  364.773  1.79055
6  23  9  510.5  2.06022
6  23  10  449.372  2.07281
6  23  11  369.69  2.2563
6  23  12  513.513  2.0935
6  23  13  529.483  1.897
6  23  14  544.107  2.13941
6  23  15  626.228  2.01586
6  23  16  477.871  1.4696
6  23  17  501.285  1.71736
6  23  18  367.027  1.93088
6  23  19  378.822  1.67219
6  23  20  508.307  1.60613
6  23  21  599.907  1.99862
6  23  22  579.693  1.93694
6  23  23  591.265  1.75649
6  23  24  392.317  1.8104
6  23  25  235.728  1.98377
6  23  26  436.247  1.82723
6  23  27  336.519  1.64715
6  23  28  517.559  1.95624
6  23  29  416.44  2.30503
6  23  30  396.307  2.05621
6  23  31  373.818  1.91446
6  23  32  308.756  1.43999
6  23  33  477.73  1.43209
6  23  34  415.588  1.40938
6  23  35  297.917  1.54872
6  23  36  563.774  1.33387
6  23  37  520.408  1.62124
6  23  38  493.882  1.66682
6  23  39  409.528  1.73795
6  23  40  512.147  1.37225
6  23  41  361.036  1.44929
6  23  42  474.295  1.34131
6  23  43  389.108  1.63811
6  23  44  541.066  1.67814
6  23  45  434.607  1.53307
6  23  46  565.251  1.46644
6  23  47  474.592  1.65791
6  23  48  336.518  1.54155
6  23  49  425.668  1.42046
6  23  50  442.333  1.6106
6  23  51  351.51  1.59844
6  23  52  532.862  1.51217
6  23  53  419.351  1.56551
6  23  54  386.165  1.82835
6  23  55  596.709  1.93484
6  23  56  311.678  1.56873
6  23  57  378.474  1.20848
6  23  58  441.796  1.56781
6  23  59  295.663  1.70065
6  23  60  482.693  1.72806
6  23  61  499.392  1.82439
6  23  62  481.749  2.30324
6  23  63  515.63  2.02674
6  21  0  247.496  1.74008
6  21  1  275.432  1.67545
6  21  2  250.97  2.1937
6  21  3  255.002  1.98432
6  21  4  341.748  1.94177
6  21  6  359.513  1.68443
6  21  7  274.637  1.49357
6  21  8  333.701  1.70447
6  21  9  281.407  1.63903
6  21  10  267.891  1.61594
6  21  11  233.871  1.39977
6  21  12  282.011  1.49932
6  21  13  310.078  1.85098
6  21  14  293.333  1.60127
6  21  15  338.499  1.5772
6  21  16  375.098  1.73144
6  21  17  294.656  1.77452
6  21  18  264.432  1.87824
6  21  19  213.097  1.77621
6  21  20  342.164  1.85114
6  21  21  412.743  2.06703
6  21  22  405.735  1.99344
6  21  23  466.717  2.0052
6  21  24  329.083  2.00115
6  21  25  290.536  1.87023
6  21  26  230.593  1.92904
6  21  32  285.044  1.73532
6  21  33  271.097  1.44414
6  21  34  215.542  1.66159
6  21  35  228.436  1.83926
6  21  36  340.246  1.80907
6  21  38  302.418  1.4692
6  21  39  274.586  1.45369
6  21  40  297.285  1.35895
6  21  41  318.86  1.3506
6  21  42  261.222  1.59034
6  21  43  276.354  1.86802
6  21  44  256.963  1.68766
6  21  45  241.925  1.84888
6  21  46  280.346  1.92917
6  21  47  277.077  2.18376
6  21  48  269.437  1.62945
6  21  49  256.516  1.8568
6  21  50  221.928  1.8797
6  21  51  272.319  1.86884
6  21  52  344.046  1.93402
6  21  53  306.722  1.94183
6  21  54  239.551  1.87644
6  21  55  368.617  2.00048
6  21  56  288.628  1.84676
6  21  57  242.422  1.84236
6  21  58  219.259  1.82845
6  19  0  362.727  1.43094
6  19  1  341.67  1.65557
6  19  2  272.158  1.7189
6  19  3  253.607  1.82885
6  19  4  421.539  1.73195
6  19  5  385.339  1.81653
6  19  6  406.308  1.53272
6  19  7  371.228  1.83483
6  19  8  327.322  1.63738
6  19  9  339.731  1.74912
6  19  10  339.469  1.68351
6  19  11  282.394  2.03042
6  19  12  419.402  1.59121
6  19  13  360.393  1.66851
6  19  14  351.389  1.94226
6  19  15  412.965  2.07912
6  19  16  347.048  1.46644
6  19  17  300.451  1.75803
6  19  18  277.285  1.41159
6  19  19  285.354  1.468
6  19  20  399.028  1.42186
6  19  21  444.313  1.57569
6  19  22  443.987  1.61414
6  19  23  510.948  1.80993
6  19  24  343.68  1.32789
6  19  25  251.576  1.73767
6  19  26  234.597  1.35656
6  19  27  275.301  1.5542
6  19  28  444.904  1.70833
6  19  29  380.596  1.54093
6  19  30  396.919  1.59673
6  19  31  375.728  1.84196
6  19  32  364.067  0.832812
6  19  33  361.876  1.13439
6  19  34  304.942  1.18141
6  19  35  299.32  1.03723
6  19  36  403.513  1.31606
6  19  37  422.523  1.27308
6  19  38  449.079  1.21163
6  19  39  389.029  1.32647
6  19  40  399.477  1.18431
6  19  41  344.124  1.35101
6  19  42  370.963  1.21906
6  19  43  346.72  1.31858
6  19  44  406.023  1.19683
6  19  45  437.198  1.17301
6  19  46  413.871  1.22311
6  19  47  444.111  1.26058
6  19  48  359.269  1.14916
6  19  49  318.752  1.25655
6  19  50  274.221  1.23981
6  19  51  334.222  1.41688
6  19  52  455.154  1.15966
6  19  53  493.053  1.55105
6  19  54  439.382  1.39887
6  19  55  440.565  1.3966
6  19  56  311.125  1.14856
6  19  57  273.132  1.13753
6  19  58  283.416  1.29859
6  19  59  260.64  1.44998
6  19  60  469.07  1.57639
6  19  61  439.962  1.19601
6  19  62  472.274  1.40433
6  19  63  421.092  1.66911
6  17  0  345.024  1.18979
6  17  1  481.439  1.2178
6  17  2  324.526  1.36808
6  17  3  262.153  1.30423
6  17  4  510.127  1.32048
6  17  5  495.517  1.28956
6  17  6  462.799  1.32801
6  17  7  494.484  1.41958
6  17  8  409.639  1.16008
6  17  9  511.031  1.23622
6  17  10  397.827  1.34299
6  17  11  451.285  1.36844
6  17  12  575.167  1.31183
6  17  13  467.684  1.45662
6  17  14  476.931  1.55741
6  17  15  605.979  1.45608
6  17  16  475.103  1.38773
6  17  17  344.092  1.33615
6  17  18  295.646  1.35183
6  17  19  280.698  1.79244
6  17  20  523.881  1.32436
6  17  21  508.537  1.60394
6  17  22  559.274  1.42341
6  17  23  568.808  1.7298
6  17  24  499.998  1.42396
6  17  25  340.233  1.53941
6  17  26  327.846  1.47092
6  17  27  376.876  1.79115
6  17  28  522.989  1.69155
6  17  29  540.842  1.74698
6  17  30  538.805  1.77537
6  17  31  392.937  2.00674
6  17  32  396.201  0.795722
6  17  33  432.3  0.795148
6  17  34  532.854  0.853716
6  17  35  386.204  0.844264
6  17  36  585.873  0.842717
6  17  37  406.433  0.91645
6  17  38  424.864  0.984009
6  17  39  582.111  1.02331
6  17  40  404.842  0.82112
6  17  41  394.122  0.787356
6  17  42  439.269  0.839591
6  17  43  275.482  0.851202
6  17  44  452.149  0.999794
6  17  45  487.298  0.93397
6  17  46  454.902  0.984674
6  17  47  571.631  0.994522
6  17  48  467.989  0.81517
6  17  49  285.278  0.829077
6  17  50  409.835  0.832234
6  17  51  298.603  0.894901
6  17  52  495.948  0.896855
6  17  53  434.727  1.04971
6  17  54  458.23  1.15121
6  17  55  427.682  1.16403
6  17  56  356.775  0.875999
6  17  57  347.925  0.882576
6  17  58  327.257  0.940402
6  17  59  301.501  0.996682
6  17  60  598.61  1.17472
6  17  61  616.415  1.21086
6  17  62  552.305  1.28518
6  17  63  428.462  1.30886
6  15  0  524.761  1.09494
6  15  1  378.107  1.16032
6  15  2  469.548  1.29871
6  15  3  328.031  1.34319
6  15  4  453.952  1.18594
6  15  5  493.366  1.2868
6  15  6  538.053  1.43317
6  15  10  382.872  1.22977
6  15  11  266.109  1.35017
6  15  12  397.243  1.24874
6  15  13  476.2  1.25926
6  15  14  356.116  1.26929
6  15  15  588.119  1.40602
6  15  16  385.743  0.851294
6  15  17  496.992  1.05166
6  15  18  323.56  13.5049
6  15  19  376.197  0.977107
6  15  20  355.73  0.956781
6  15  21  506.11  1.16911
6  15  22  473.391  1.152
6  15  23  597.476  1.12732
6  15  24  450.095  0.886506
6  15  32  540.658  0.874423
6  15  33  451.772  0.860669
6  15  34  411.846  0.923926
6  15  35  479.185  0.851681
6  15  36  419.918  0.8491
6  15  40  512.359  0.877033
6  15  41  451.389  0.903197
6  15  42  480.967  0.893521
6  15  43  344.794  1.00295
6  15  44  511.489  1.03085
6  15  45  582.328  0.983149
6  15  46  423.605  1.0738
6  15  47  373.471  0.987129
6  15  48  548.396  0.838907
6  15  49  446.181  0.928517
6  15  50  426.685  0.937582
6  15  51  308.4  0.992967
6  15  52  448.267  0.906857
6  15  53  634.658  1.1237
6  15  54  643.824  1.25747
6  15  55  596.057  1.19511
6  15  56  463.983  0.83631
6  15  57  439.514  0.861282
6  15  58  358.598  0.928251
6  13  0  309.152  1.16897
6  13  1  250.894  1.18781
6  13  2  334.679  1.2171
6  13  3  279.239  1.29345
6  13  4  395.461  1.15845
6  13  5  316.413  1.36806
6  13  6  377.476  1.41878
6  13  7  356.391  1.44967
6  13  8  349.112  1.06249
6  13  9  349.837  1.21436
6  13  10  378.659  1.37772
6  13  11  348.265  1.39038
6  13  12  392.17  1.23422
6  13  13  422.583  1.3355
6  13  14  337.888  1.5424
6  13  15  444.046  1.68575
6  13  16  331.554  0.888476
6  13  17  300.239  1.02293
6  13  18  219.733  1.03946
6  13  19  236.156  1.07498
6  13  20  417.239  1.01868
6  13  21  485.896  1.13668
6  13  22  397.523  1.17389
6  13  23  382.865  1.22245
6  13  24  273.997  0.957205
6  13  25  277.783  1.0042
6  13  26  226.627  1.0888
6  13  27  280.136  1.06089
6  13  28  307.558  1.17406
6  13  29  372.422  1.2681
6  13  30  455.736  1.31595
6  13  31  307.048  1.33465
6  13  32  340.48  1.12364
6  13  33  392.856  0.944044
6  13  34  340.214  1.24504
6  13  35  273.9  1.08357
6  13  36  401.948  1.28659
6  13  37  370.914  1.1924
6  13  38  433.095  1.27231
6  13  39  423.738  1.20735
6  13  40  374.946  1.1746
6  13  41  361.025  1.14016
6  13  42  300.768  1.19603
6  13  43  305  1.18365
6  13  44  441.206  1.33392
6  13  45  433.33  1.29298
6  13  46  361.055  1.19538
6  13  47  451.238  1.23561
6  13  48  353.166  1.11311
6  13  49  293.36  1.20629
6  13  50  279.202  0.955101
6  13  51  281.444  1.07127
6  13  52  378.053  0.946763
6  13  53  445.837  1.21178
6  13  54  377.641  1.35207
6  13  55  377.425  1.38545
6  13  56  300.706  0.976432
6  13  57  330.737  1.00858
6  13  58  283.477  1.10173
6  13  59  362.865  1.25741
6  13  60  429.302  1.2628
6  13  61  408.745  1.34376
6  13  62  415.49  1.40592
6  13  63  345.948  1.47664
6  11  0  527.837  1.08432
6  11  1  547.909  1.14025
6  11  2  509.601  1.13501
6  11  3  488.692  1.14066
6  11  4  662.458  1.06519
6  11  5  602.499  1.21601
6  11  6  671.981  1.31463
6  11  7  624.049  1.32152
6  11  8  582.172  1.00402
6  11  9  581.62  1.04619
6  11  10  556.268  1.12448
6  11  11  549.036  1.19419
6  11  12  622.42  1.04531
6  11  13  625.664  1.08497
6  11  14  576.203  1.11543
6  11  15  636.417  1.23295
6  11  16  597.399  0.796109
6  11  17  547.302  0.872513
6  11  18  446.337  0.935221
6  11  19  484.078  0.906793
6  11  20  626.137  0.902732
6  11  21  609.248  1.14356
6  11  22  656.434  1.1964
6  11  23  705.81  1.19546
6  11  24  527.937  0.830732
6  11  25  531.597  0.949935
6  11  26  489.284  1.03611
6  11  27  511.174  1.02843
6  11  28  671.066  1.16718
6  11  29  558.258  1.60221
6  11  30  644.418  1.31339
6  11  31  622.408  1.27359
6  11  32  569.612  0.728991
6  11  33  562.621  0.7811
6  11  34  569.547  0.744327
6  11  35  558.244  0.796894
6  11  36  612.159  0.80096
6  11  37  613.748  0.844239
6  11  38  677.936  1.00292
6  11  41  545.122  0.857022
6  11  42  534.209  0.851333
6  11  43  514.593  0.875373
6  11  44  633.084  0.985845
6  11  45  613.806  0.916206
6  11  46  564.134  1.11321
6  11  47  629.994  0.986734
6  11  48  516.848  0.854939
6  11  49  458.035  0.996624
6  11  50  447.461  1.07021
6  11  51  469.276  1.05509
6  11  52  584.337  0.971421
6  11  53  620.607  1.19882
6  11  54  619.825  1.39081
6  11  55  633.324  1.36553
6  11  56  527.224  0.872269
6  9  0  468.695  1.10711
6  9  1  398.044  1.2411
6  9  2  416.456  1.29189
6  9  3  422.834  1.32166
6  9  4  494.921  1.12432
6  9  5  521.629  1.26762
6  9  6  590.636  1.3628
6  9  9  473.528  1.21345
6  9  10  480.742  1.29586
6  9  11  456.608  1.38719
6  9  12  523.177  1.17792
6  9  13  529.837  1.1746
6  9  14  471.181  1.21881
6  9  15  499.593  1.33736
6  9  16  405.136  0.880345
6  9  17  385.996  0.925916
6  9  18  379.343  1.02083
6  9  19  360.049  1.04419
6  9  20  469.47  0.848815
6  9  21  548.18  1.0518
6  9  22  552.746  0.999785
6  9  23  502.927  1.06349
6  9  24  413.643  0.868973
6  9  32  449.303  0.836618
6  9  33  461.559  0.849778
6  9  34  471.364  0.875602
6  9  35  439.761  0.869398
6  9  36  486.293  0.824145
6  9  37  474.478  0.841759
6  9  38  561.297  0.940647
6  9  39  502.461  0.972768
6  9  40  481.662  0.807854
6  9  41  474.875  0.826325
6  9  42  437.486  0.897422
6  9  43  401.075  0.883019
6  9  44  501.703  0.946164
6  9  45  535.75  0.881752
6  9  46  485.794  0.927601
6  9  47  498.749  0.903922
6  9  48  433.925  0.818289
6  9  49  414.242  0.88461
6  9  50  389.431  0.878171
6  9  51  399.417  0.94045
6  9  52  506.313  0.864523
6  9  53  560.458  1.04779
6  9  54  556.818  1.14413
6  9  55  596.854  1.13737
6  9  56  445.841  0.932816
6  9  57  417.715  0.875298
6  9  58  396.256  0.949085
6  9  59  420.728  1.01483
6  9  60  564.516  1.05221
6  9  61  566.579  1.1683
6  9  62  547.118  1.20712
6  9  63  502.889  1.25821
6  7  0  433.646  18.8913
6  7  1  272.208  1.29591
6  7  2  460.027  15.1464
6  7  3  505.377  17.2944
6  7  4  463.109  1.135
6  7  5  580.994  1.38807
6  7  6  449.269  1.35028
6  7  7  521.011  1.39889
6  7  8  505.547  1.16236
6  7  9  330.922  1.17179
6  7  10  419.302  1.22515
6  7  11  372.374  1.34673
6  7  12  492.945  1.24021
6  7  13  430.375  1.28942
6  7  14  537.463  1.26912
6  7  15  607.874  1.44055
6  7  16  508.017  1.09659
6  7  17  270.225  1.03286
6  7  18  394.805  1.19186
6  7  19  333.967  1.17073
6  7  20  348.808  1.0347
6  7  21  501.431  1.13659
6  7  22  588.821  1.41446
6  7  23  649.062  1.35702
6  7  24  263.542  1.08646
6  7  25  299.802  1.22676
6  7  26  253.686  1.24921
6  7  27  291.711  1.26358
6  7  28  651.086  1.23684
6  7  29  564.997  1.37595
6  7  30  393.95  1.59975
6  7  31  455.054  1.59809
6  7  32  294.725  0.836644
6  7  33  430.204  0.853349
6  7  34  450.134  0.904011
6  7  35  309.175  0.879092
6  7  36  444.95  0.826422
6  7  38  419.669  1.01291
6  7  39  450.189  1.05674
6  7  40  403.343  0.869267
6  7  41  303.645  0.868217
6  7  42  483.854  0.9435
6  7  43  517.411  1.00263
6  7  44  430.369  1.00292
6  7  45  417.856  0.992362
6  7  46  515.891  0.995321
6  7  47  573.743  0.985935
6  7  48  299.392  0.830009
6  7  49  464.457  0.951589
6  7  50  243.025  0.890947
6  7  51  345.504  0.983377
6  7  52  693.482  1.04848
6  7  53  461.644  1.07901
6  7  54  444.643  1.16583
6  7  55  534.785  1.20782
6  7  56  350.93  0.919905
6  7  57  522.119  0.94563
6  7  58  469.444  1.06505
6  5  0  452.072  1.20068
6  5  1  472.783  1.22343
6  5  2  262.871  1.29407
6  5  3  347.805  1.3878
6  5  4  437.84  1.23449
6  5  5  475.705  1.33312
6  5  6  513.641  1.45044
6  5  7  514.65  1.39807
6  5  8  423.509  1.26195
6  5  9  314.165  1.26396
6  5  10  362.235  1.44386
6  5  11  469.161  1.4224
6  5  12  505.699  1.40937
6  5  13  500.134  1.39012
6  5  14  526.506  1.56945
6  5  15  516.595  1.75293
6  5  16  339.217  1.23775
6  5  17  374.726  1.19329
6  5  18  365.717  1.42847
6  5  19  325.962  1.33949
6  5  20  386.735  1.236
6  5  21  599.032  1.42355
6  5  22  515.123  1.54448
6  5  23  603.47  1.46454
6  5  24  524.625  1.19457
6  5  25  372.543  1.3254
6  5  26  377.939  1.47733
6  5  27  348.041  1.533
6  5  28  431.33  1.42995
6  5  29  472.44  1.60867
6  5  30  446.651  1.63624
6  5  31  562.299  1.75028
6  5  32  504.238  0.817539
6  5  33  446.9  0.904288
6  5  34  378.539  0.945468
6  5  35  449.508  1.00191
6  5  36  561.638  0.939697
6  5  37  495.471  0.910907
6  5  38  523.707  1.0233
6  5  41  566.221  1.01865
6  5  42  470.865  0.999692
6  5  43  412.75  1.0136
6  5  44  424.431  1.20221
6  5  45  416.578  1.0977
6  5  46  448.908  1.06713
6  5  47  578.697  1.05944
6  5  48  568.882  0.958873
6  5  49  492.78  0.928834
6  5  50  501.103  1.02063
6  5  51  291.858  1.01841
6  5  52  379.316  0.986576
6  5  53  445.979  1.0698
6  5  54  694.168  1.18198
6  5  55  457.365  1.19172
6  5  56  479.515  0.907443
5  23  0  369.583  1.05133
5  23  1  308.979  1.04781
5  23  2  287.885  1.07459
5  23  3  299.441  1.15202
5  23  4  399.628  1.07379
5  23  5  377.162  1.23448
5  23  6  375.738  1.42746
5  23  9  312.2  1.04122
5  23  10  302.284  1.17312
5  23  11  314.134  1.1435
5  23  12  400.086  1.22843
5  23  13  440.536  1.28642
5  23  14  398.661  1.34485
5  23  15  394.929  1.46851
5  23  16  341.297  0.837076
5  23  17  293.812  0.8447
5  23  18  233.878  0.900828
5  23  19  216.178  0.881669
5  23  20  411.972  0.885143
5  23  21  422.309  0.939159
5  23  22  389.699  0.99677
5  23  23  469.172  1.02777
5  23  24  284.712  0.849304
5  23  32  354.489  0.809475
5  23  33  328.377  0.769356
5  23  34  357.231  0.806477
5  23  35  332.056  0.830729
5  23  36  338.185  0.825332
5  23  37  395.521  0.874173
5  23  38  402.928  0.979028
5  23  39  427.587  1.02862
5  23  40  334.955  0.79857
5  23  41  302.616  0.825971
5  23  42  292.519  0.876275
5  23  43  283.11  0.865431
5  23  44  363.354  0.964563
5  23  45  324.724  0.897651
5  23  46  353.677  1.04413
5  23  47  380.867  0.930661
5  23  48  324.762  0.768828
5  23  49  258.161  0.789669
5  23  50  266.818  0.821554
5  23  51  295.223  0.848879
5  23  52  376.308  0.817292
5  23  53  422.406  0.955294
5  23  54  373.17  1.03772
5  23  55  481.119  1.00301
5  23  56  292.064  0.839135
5  23  57  305.885  0.847101
5  23  58  260.176  0.922923
5  23  59  304.462  0.899835
5  23  60  426.369  1.01159
5  23  61  404.613  1.06346
5  23  62  447.573  1.074
5  23  63  311.246  1.07412
5  21  0  491.559  1.06763
5  21  1  352.213  1.04352
5  21  2  428.156  1.13055
5  21  3  428.219  1.15552
5  21  4  369.778  1.1714
5  21  5  548.582  1.33691
5  21  6  557.041  1.48888
5  21  7  568.945  1.42953
5  21  8  535.363  1.06064
5  21  9  429.733  1.10879
5  21  10  364.323  1.07332
5  21  11  420.274  1.16694
5  21  12  480.632  1.32114
5  21  13  408.78  1.2592
5  21  14  426.534  1.26475
5  21  15  431.692  1.40975
5  21  16  311.86  0.837215
5  21  17  339.994  0.940601
5  21  18  342.259  1.02672
5  21  19  304.473  1.00256
5  21  20  549.648  0.972468
5  21  21  466.672  1.11714
5  21  22  511.975  1.18168
5  21  23  587.036  1.2218
5  21  24  448.898  0.896896
5  21  25  472.723  0.916881
5  21  26  327.882  0.974603
5  21  27  327.295  0.962025
5  21  28  598.636  1.17542
5  21  29  516.643  1.18364
5  21  30  569.539  1.33786
5  21  31  482.583  1.30033
5  21  32  334.797  0.829023
5  21  33  500.517  0.886514
5  21  34  489.955  0.911377
5  21  35  467.309  0.876998
5  21  36  611.542  0.858617
5  21  38  461.365  1.29887
5  21  39  287.345  1.28984
5  21  40  476.402  1.21061
5  21  41  583.398  1.29027
5  21  42  516.848  1.17654
5  21  43  538.807  1.12709
5  21  44  562.346  1.34257
5  21  45  422.482  1.30752
5  21  46  572.208  1.29806
5  21  47  504.633  1.22341
5  21  48  452.677  1.12201
5  21  49  504.335  1.10562
5  21  50  482.579  1.18995
5  21  51  234.855  1.24886
5  21  52  570.793  1.27837
5  21  53  570.94  1.23899
5  21  54  678.556  1.17404
5  21  55  479.059  1.30679
5  21  56  334.817  0.856079
5  21  57  402.051  1.30516
5  21  58  337.499  0.932187
5  19  0  273.289  1.13494
5  19  1  273.353  1.12696
5  19  2  274.01  1.24817
5  19  3  254.773  1.28379
5  19  4  343.258  1.14646
5  19  5  317.234  1.46027
5  19  6  371.27  1.58176
5  19  7  358.149  1.57501
5  19  8  304.179  1.11429
5  19  9  268.436  1.13286
5  19  10  257.499  1.30334
5  19  11  230.019  1.3477
5  19  12  377.592  1.42829
5  19  13  344.529  1.51186
5  19  14  336.842  1.5589
5  19  15  361.431  1.60839
5  19  16  314.035  1.23494
5  19  17  271.133  1.24876
5  19  18  264.183  1.1858
5  19  19  255.078  1.31178
5  19  20  365.215  1.12501
5  19  21  390.293  1.33279
5  19  22  369.844  1.48453
5  19  23  434.706  1.56529
5  19  24  263.442  1.15519
5  19  25  258.828  1.22837
5  19  26  239.14  1.15565
5  19  27  211.818  1.28041
5  19  28  383.359  1.41106
5  19  29  324.534  1.46656
5  19  30  384.13  1.4875
5  19  31  315.302  1.70656
5  19  32  453.551  0.809759
5  19  33  257.09  0.776049
5  19  34  236.497  0.760231
5  19  35  233.319  0.795923
5  19  36  362.726  0.791904
5  19  37  351.801  0.851578
5  19  38  392.047  0.930936
5  19  39  371.948  0.983145
5  19  40  489.667  0.778338
5  19  41  310.647  0.872936
5  19  42  350.64  0.823467
5  19  43  259.86  0.819917
5  19  44  410.666  0.979894
5  19  45  384.735  0.989968
5  19  46  304.147  0.959852
5  19  47  375.774  1.0187
5  19  48  287.117  0.803814
5  19  49  292.521  0.844655
5  19  50  250.999  0.874107
5  19  51  268.748  0.880646
5  19  52  432.261  0.898912
5  19  53  443.209  1.15082
5  19  54  405.786  1.28682
5  19  55  424.759  1.28774
5  19  56  295.981  0.911476
5  19  57  310.129  0.87345
5  19  58  260.646  0.904501
5  19  59  291.951  0.908034
5  19  60  488.807  1.18103
5  19  61  400.888  1.2437
5  19  62  427.62  1.22404
5  19  63  421.017  1.2982
5  17  0  267.41  1.18364
5  17  1  433.549  1.07986
5  17  2  301.546  1.15545
5  17  3  411.65  1.1064
5  17  4  370.373  1.17392
5  17  5  418.884  1.27006
5  17  6  528.274  1.39151
5  17  10  482.716  1.30498
5  17  11  303.814  1.25502
5  17  12  540.922  1.49571
5  17  13  597.438  1.38992
5  17  14  423.614  1.32905
5  17  15  496.01  1.38936
5  17  16  396.217  0.831752
5  17  17  507.926  0.929591
5  17  18  473.383  0.961164
5  17  19  364.115  0.965646
5  17  20  409.052  0.902126
5  17  21  636.376  1.13733
5  17  22  459.749  1.29839
5  17  23  464.758  1.18908
5  17  24  313.156  0.902424
5  17  32  321.305  0.818446
5  17  33  467.144  0.790439
5  17  34  515.784  0.806702
5  17  35  340.439  0.820826
5  17  36  480.005  0.824758
5  17  40  512.282  0.763416
5  17  41  342.01  0.858727
5  17  42  480.886  0.777625
5  17  43  362.413  0.812215
5  17  44  471.549  0.960523
5  17  45  467.194  0.936463
5  17  46  408.122  1.18072
5  17  47  429.967  0.929592
5  17  48  507.081  0.824609
5  17  49  475.762  0.822562
5  17  50  355.406  0.837419
5  17  51  422.88  0.887979
5  17  52  463.68  0.899092
5  17  53  550.592  1.12725
5  17  54  655.597  1.25133
5  17  55  564.978  1.21052
5  17  56  392.944  0.797445
5  17  57  420.443  0.857515
5  17  58  241.217  0.883397
5  15  0  552.445  1.04104
5  15  1  387.073  0.997714
5  15  2  451.97  1.0349
5  15  3  437.249  1.08833
5  15  4  530.993  1.11133
5  15  5  451.564  1.15722
5  15  6  392.428  1.49259
5  15  7  499.536  1.48839
5  15  8  355.345  0.992938
5  15  9  349.924  1.12122
5  15  10  395.516  1.14016
5  15  11  288.431  1.05931
5  15  12  518.954  1.29593
5  15  13  417.899  1.21781
5  15  14  466.496  1.22425
5  15  15  569.615  1.36479
5  15  16  532.361  0.799449
5  15  17  336.732  0.890288
5  15  18  265.262  0.917387
5  15  19  445.912  0.929032
5  15  20  452.66  0.837973
5  15  21  482.359  1.00911
5  15  22  657.363  1.0879
5  15  23  603  1.06109
5  15  24  543.672  0.827922
5  15  25  364.877  0.912512
5  15  26  330.929  0.975509
5  15  27  320.623  0.985202
5  15  28  597.885  1.09129
5  15  29  517.749  1.15651
5  15  30  613.531  1.3357
5  15  31  520.055  1.36237
5  15  32  417.178  1.18666
5  15  33  358.286  1.09574
5  15  34  474.694  1.15695
5  15  35  452.524  1.23881
5  15  36  304.599  1.25716
5  15  37  459.261  1.26087
5  15  38  392.836  1.40806
5  15  39  435.162  1.08346
5  15  40  402.606  1.17853
5  15  41  557.309  1.25386
5  15  42  372.169  1.38684
5  15  43  527.665  1.35766
5  15  44  628.256  1.4504
5  15  45  422.868  1.24747
5  15  46  565.382  1.29783
5  15  47  645.269  1.26848
5  15  48  528.13  1.08021
5  15  49  447.284  1.21054
5  15  50  470.652  0.970052
5  15  51  281.713  0.987122
5  15  52  549.052  0.976555
5  15  53  430.939  1.08757
5  15  54  518.561  1.21139
5  15  55  574.089  1.27758
5  15  56  495.598  0.88587
5  15  57  390.801  0.990218
5  15  58  404.196  1.02659
5  15  59  369.305  1.07044
5  15  60  595.799  1.15045
5  15  61  563.939  1.24984
5  15  62  429.389  1.25901
5  15  63  419.43  1.33363
5  13  0  445.056  1.02418
5  13  1  547.966  1.10163
5  13  2  420.363  1.2384
5  13  3  358.892  1.27425
5  13  4  484.448  1.2502
5  13  5  317.773  1.51267
5  13  6  539.888  1.47093
5  13  7  365.247  1.45341
5  13  8  454.673  1.16652
5  13  9  512.394  1.10212
5  13  10  295.644  1.35628
5  13  11  313.956  1.45827
5  13  12  522.218  1.51086
5  13  13  545.375  1.36856
5  13  14  409.988  1.76014
5  13  15  455.443  1.70482
5  13  16  495.714  1.19318
5  13  17  387.553  1.33306
5  13  18  473.817  1.33958
5  13  19  272.889  1.55049
5  13  20  376.611  1.47267
5  13  21  530.885  1.52217
5  13  22  390.015  1.47632
5  13  23  483.095  1.78474
5  13  24  313.618  1.26249
5  13  25  300.484  1.46881
5  13  26  260.692  1.33982
5  13  27  324.452  1.56044
5  13  28  530.778  1.66222
5  13  29  384.147  1.6807
5  13  30  610.247  1.82712
5  13  31  438.824  1.81867
5  13  32  341.487  0.798955
5  13  33  376.912  0.892903
5  13  34  318.561  0.886163
5  13  35  366.043  0.909466
5  13  36  494.968  0.87034
5  13  37  446.909  0.879162
5  13  38  445.003  0.944009
5  13  39  346.19  1.03527
5  13  40  385.349  0.829547
5  13  41  477.947  0.872729
5  13  42  422.436  0.970934
5  13  43  457.147  0.942682
5  13  44  530.142  1.02733
5  13  45  579.96  0.925723
5  13  46  555.827  0.933965
5  13  47  573.033  1.02338
5  13  48  408.167  0.843814
5  13  49  340.928  0.887434
5  13  50  468.603  0.902284
5  13  51  362.239  0.963313
5  13  52  557.761  0.919506
5  13  53  550.717  1.19252
5  13  54  543.097  1.37511
5  13  55  398.202  1.33888
5  13  56  468.057  0.993884
5  13  57  381.143  0.984025
5  13  58  319.869  1.06062
5  13  59  233.752  1.06074
5  13  60  475.828  1.16242
5  13  61  577.814  1.34967
5  13  62  621.082  1.34057
5  13  63  572.498  1.46482
5  11  0  497.554  1.10928
5  11  1  514.885  1.2212
5  11  2  425.867  1.21687
5  11  3  265.685  1.34233
5  11  4  507.699  1.30835
5  11  5  580.407  1.40898
5  11  6  450.301  1.50614
5  11  10  480.595  1.30633
5  11  11  289.816  1.23894
5  11  12  414.478  1.3771
5  11  13  527.489  1.43542
5  11  14  482.718  1.41759
5  11  15  624.532  1.41177
5  11  16  546.362  0.915464
5  11  17  462.444  0.949004
5  11  18  459.342  0.885601
5  11  19  347.835  1.1577
5  11  20  503.123  0.94109
5  11  21  685.496  1.149
5  11  22  453.535  1.13973
5  11  23  449.467  1.30641
5  11  24  527.841  0.824485
5  11  32  407.011  0.797493
5  11  33  310.602  0.877445
5  11  34  464.773  0.834596
5  11  35  403.022  0.828637
5  11  36  422.085  0.833168
5  11  40  461.09  0.773767
5  11  41  481.19  0.901669
5  11  42  424.185  0.947592
5  11  43  308.857  0.927097
5  11  44  396.685  0.902836
5  11  45  482.957  0.956661
5  11  46  529.385  0.933423
5  11  47  457.887  0.948202
5  11  48  518.704  0.826122
5  11  49  469.553  0.823732
5  11  50  392.389  0.857803
5  11  51  501.455  0.882201
5  11  52  440.822  0.877964
5  11  53  498.076  1.04984
5  11  54  590.762  1.12874
5  11  55  476.263  1.16323
5  11  56  374.246  0.848447
5  11  57  605.924  0.877522
5  11  58  337.258  0.86826
5  9  0  346.384  1.11214
5  9  1  267.135  1.167
5  9  2  281.291  1.31026
5  9  3  331.517  1.1962
5  9  4  317.671  1.15315
5  9  5  427.605  1.35321
5  9  6  455.767  1.52428
5  9  7  443.155  1.46607
5  9  8  369.133  1.11616
5  9  9  288.422  1.55776
5  9  10  315.025  1.39311
5  9  11  247.191  1.29375
5  9  12  389.965  1.36944
5  9  13  423.198  1.27514
5  9  14  341.569  1.41576
5  9  15  339.874  1.44891
5  9  16  334.047  0.829155
5  9  17  300.029  0.879984
5  9  18  243.705  0.929935
5  9  19  238.899  0.94567
5  9  20  425.07  0.916321
5  9  21  469.888  1.16151
5  9  22  390.327  1.23172
5  9  23  467.946  1.24675
5  9  24  265.175  0.854935
5  9  25  250.407  0.917301
5  9  26  271.662  0.919528
5  9  27  220.876  1.01218
5  9  28  406.542  1.15776
5  9  29  414.026  1.21673
5  9  30  354.225  1.32326
5  9  31  413.038  1.28267
5  9  32  347.311  1.0155
5  9  33  292.729  1.03178
5  9  34  369.648  1.23244
5  9  35  280.989  1.39578
5  9  36  335.617  1.2128
5  9  37  357.937  1.23713
5  9  38  407.091  1.36777
5  9  39  356.777  1.40372
5  9  40  362.728  1.16354
5  9  41  305.668  1.2494
5  9  42  312.991  1.38049
5  9  43  285.487  1.42565
5  9  44  429.648  1.38233
5  9  45  391.873  1.2421
5  9  46  346.486  1.29657
5  9  47  384.414  1.44135
5  9  48  349.031  1.05059
5  9  49  308.706  1.19466
5  9  50  292.887  0.965429
5  9  51  323.289  1.0248
5  9  52  372.713  1.00102
5  9  53  412.738  1.22491
5  9  54  419.487  1.27789
5  9  55  456.163  1.40547
5  9  56  356.232  0.901916
5  9  57  290.535  0.990346
5  9  58  326.132  1.02731
5  9  59  270.691  1.08723
5  9  60  457.057  1.19318
5  9  61  410.039  1.34824
5  9  62  445.887  1.34268
5  9  63  393.284  1.40886
5  7  0  542.239  1.24656
5  7  1  430.526  1.19606
5  7  2  515.807  1.32164
5  7  3  301.494  1.52365
5  7  4  518.795  1.26874
5  7  5  511.914  1.3503
5  7  6  576.065  1.54292
5  7  7  509.972  1.50998
5  7  8  284.878  1.14167
5  7  9  512.149  1.26654
5  7  10  578.257  1.88205
5  7  11  382.928  1.50709
5  7  12  549.46  1.49145
5  7  13  440.896  1.65267
5  7  14  429.927  1.98024
5  7  15  457.828  2.3186
5  7  16  697.267  1.28368
5  7  17  446.747  1.12955
5  7  18  399.063  1.53739
5  7  19  258.156  1.22622
5  7  20  442.325  1.46972
5  7  21  642.009  1.70397
5  7  22  491.528  1.60268
5  7  23  445.662  1.23552
5  7  24  362.942  1.41575
5  7  25  464.05  1.89522
5  7  26  381.044  1.38197
5  7  27  291.213  1.54088
5  7  28  468.969  1.5064
5  7  29  512.848  1.60544
5  7  30  450.346  1.59687
5  7  31  597.627  1.59449
5  7  32  328.739  0.819665
5  7  33  459.855  0.954137
5  7  34  360.061  0.930073
5  7  35  424.011  1.14432
5  7  36  425.256  0.877701
5  7  37  492.485  1.13238
5  7  38  443.848  1.09028
5  7  41  476.044  0.970136
5  7  42  484.101  1.11879
5  7  43  476.035  1.10949
5  7  44  624.716  1.15344
5  7  45  430.363  1.17301
5  7  46  417.183  1.20681
5  7  47  499.25  1.17793
5  7  48  515.65  0.93397
5  7  49  488.682  1.51484
5  7  50  376.069  0.914241
5  7  51  369.859  0.983036
5  7  52  523.78  0.901927
5  7  53  468.413  1.00607
5  7  54  516.014  1.16957
5  7  55  568.847  1.11297
5  7  56  460.698  0.900626
5  5  0  435.344  1.19984
5  5  1  435.694  1.28391
5  5  2  353.29  1.3848
5  5  3  406.15  1.41917
5  5  4  343.079  1.33141
5  5  5  341.591  1.48089
5  5  6  361.057  1.7121
5  5  9  429.287  1.40306
5  5  10  368.885  1.45188
5  5  11  403.46  1.50309
5  5  12  563.695  1.3536
5  5  13  455.268  1.49668
5  5  14  445.483  1.46544
5  5  15  354.904  1.65057
5  5  16  388.312  1.00517
5  5  17  438.963  1.13618
5  5  18  455.38  1.13175
5  5  19  308.335  1.11692
5  5  20  575.308  1.03688
5  5  21  522.89  1.24856
5  5  22  610.591  1.29111
5  5  23  549.352  1.32157
5  5  24  369.488  0.96734
5  5  32  315.361  0.85484
5  5  33  384.254  1.06249
5  5  34  451.227  1.58654
5  5  35  305.286  1.03759
5  5  36  372.711  0.926432
5  5  37  329.732  1.03001
5  5  38  595.783  1.30695
5  5  39  474.798  1.09397
5  5  40  376.044  0.922987
5  5  41  482.452  0.969914
5  5  42  282.868  0.969144
5  5  43  275.851  0.994403
5  5  44  434.507  1.16931
5  5  45  410.185  1.11161
5  5  46  361.856  1.14619
5  5  47  429.461  1.13353
5  5  48  399.215  0.890704
5  5  49  358.62  1.04033
5  5  50  433.904  1.19068
5  5  51  402.317  1.23719
5  5  52  426.212  1.03915
5  5  53  583.338  1.23364
5  5  54  459.528  1.43111
5  5  55  366.685  1.46902
5  5  56  424.146  1.08589
5  5  57  339.423  1.16776
5  5  58  345.773  1.18193
5  5  59  420.705  1.35531
5  5  60  545.955  1.29388
5  5  61  478.424  1.44068
5  5  62  639.901  1.51186
5  5  63  456.726  1.57872
4  22  0  356.144  1.32441
4  22  1  364.616  1.40931
4  22  2  539.453  1.56666
4  22  3  324.248  1.89583
4  22  4  511.828  1.31917
4  22  5  632.911  1.616
4  22  6  485.372  1.65456
4  22  7  587.654  1.80127
4  22  8  535.3  1.22284
4  22  9  352.125  1.41921
4  22  10  565.321  1.47917
4  22  11  403.376  1.70758
4  22  12  528.055  1.27078
4  22  13  453.891  1.62697
4  22  14  605.586  1.56528
4  22  15  525.705  1.77794
4  22  16  531.614  1.01634
4  22  17  355.412  1.10471
4  22  18  390.647  1.29844
4  22  19  428.438  1.29067
4  22  20  521.243  1.09473
4  22  21  588.59  1.17804
4  22  22  538.551  1.36453
4  22  23  541.574  1.3834
4  22  24  543.099  1.07394
4  22  25  338.767  1.54406
4  22  26  312.056  1.43064
4  22  27  422.628  1.72388
4  22  28  453.603  1.23986
4  22  29  549.828  1.53343
4  22  30  515.589  1.79286
4  22  31  433.366  1.84619
4  22  32  338.831  1.04612
4  22  33  362.855  1.07649
4  22  34  382.629  1.07402
4  22  35  416.297  1.31045
4  22  36  548.782  1.06807
4  22  38  526.107  1.64349
4  22  39  457.781  1.72146
4  22  40  526.451  1.189
4  22  41  482.341  1.40847
4  22  42  420.126  1.50341
4  22  43  531.297  1.59129
4  22  44  520.159  1.43577
4  22  45  400.989  1.48775
4  22  46  405.061  1.53214
4  22  47  589.605  1.57902
4  22  48  253.983  1.09093
4  22  49  501.985  1.20109
4  22  50  549.352  1.39826
4  22  51  338.61  1.31083
4  22  52  536.83  1.27599
4  22  53  496.286  1.36654
4  22  54  449.438  1.26947
4  22  55  444.234  1.4309
4  22  56  515.301  1.01278
4  22  57  501.964  1.4681
4  22  58  369.873  1.13762
4  20  0  446.503  1.05711
4  20  1  515.258  1.17558
4  20  2  417.144  1.34986
4  20  3  532.562  1.46388
4  20  4  544.011  1.30461
4  20  5  478.833  1.39877
4  20  6  653.847  1.412
4  20  7  583.628  1.47073
4  20  8  370.264  1.12842
4  20  9  421.476  1.23047
4  20  10  597.778  1.32408
4  20  11  556.051  1.44164
4  20  12  563.63  1.1534
4  20  13  605.811  1.37058
4  20  14  642.939  1.42878
4  20  15  562.804  1.5196
4  20  16  458.169  0.924928
4  20  17  357.256  0.99902
4  20  18  337.39  1.03147
4  20  19  349.682  0.971975
4  20  20  560.659  0.875176
4  20  21  538.473  1.08726
4  20  22  463.653  1.07652
4  20  23  625.271  1.23103
4  20  24  443.903  0.948082
4  20  25  465.164  1.08986
4  20  26  446.587  1.09067
4  20  27  389.197  1.26409
4  20  28  599.268  1.15214
4  20  29  529.605  26.0683
4  20  30  572.634  1.35198
4  20  31  568.891  1.48798
4  20  32  411.978  0.845714
4  20  33  409.169  0.838892
4  20  34  466.819  0.936486
4  20  35  435.513  0.930086
4  20  36  448.49  0.93176
4  20  37  437.398  0.905562
4  20  38  533.025  0.946268
4  20  41  548.127  0.871402
4  20  42  356.659  0.948441
4  20  43  444.652  0.927468
4  20  44  567.448  1.12892
4  20  45  613.192  1.08102
4  20  46  588.468  1.05833
4  20  47  481.888  1.06267
4  20  48  507.877  0.835742
4  20  49  446.007  0.906709
4  20  50  550.61  0.9151
4  20  51  437.958  1.0724
4  20  52  511.108  0.946067
4  20  53  554.818  1.11849
4  20  54  518.4  1.20957
4  20  55  606.402  1.20898
4  20  56  369.001  0.894096
4  18  0  369.716  1.08224
4  18  1  256.895  1.17157
4  18  2  303.306  1.24139
4  18  3  389.837  1.30747
4  18  4  416.853  1.17548
4  18  5  405.81  1.34969
4  18  6  609.256  1.39747
4  18  9  430.512  1.18648
4  18  10  377.236  1.36866
4  18  11  443.791  1.34034
4  18  12  621.688  1.20331
4  18  13  378.46  1.31832
4  18  14  478.703  1.26347
4  18  15  571.683  1.45755
4  18  16  509.635  0.851774
4  18  17  217.72  0.89956
4  18  18  363.808  1.04035
4  18  19  282.117  1.02503
4  18  20  411.318  0.822925
4  18  21  575.126  1.02642
4  18  22  476.083  1.01737
4  18  23  480.72  1.0893
4  18  24  353.246  0.902751
4  18  32  576.311  0.869081
4  18  33  485.824  0.986117
4  18  34  497.484  0.96224
4  18  35  430.96  0.968018
4  18  36  586.64  0.854697
4  18  37  535.674  0.990146
4  18  38  447.603  1.01731
4  18  39  459.085  1.03955
4  18  40  432.631  0.896092
4  18  41  533.785  0.878879
4  18  42  358.089  0.930323
4  18  43  407.514  1.05136
4  18  44  564.02  1.03699
4  18  45  458.21  0.951231
4  18  46  435.576  1.00726
4  18  47  586.539  1.05926
4  18  48  458.094  0.895647
4  18  49  568.58  0.908938
4  18  50  263.891  0.913912
4  18  51  310.084  1.03002
4  18  52  552.359  0.901321
4  18  53  468.625  1.15561
4  18  54  532.772  1.16146
4  18  55  539.888  1.21044
4  18  56  454.854  0.976194
4  18  57  545.245  1.0093
4  18  58  438.004  1.04247
4  18  59  347.147  1.10917
4  18  60  534.214  1.14478
4  18  61  549.144  1.28171
4  18  62  607.167  1.10127
4  18  63  589.872  1.33086
4  16  0  339.782  1.17116
4  16  1  430.899  1.35534
4  16  2  346.292  1.33179
4  16  3  361.671  1.46132
4  16  4  477.405  1.24632
4  16  5  474.001  1.37271
4  16  6  411.198  1.52194
4  16  7  443.81  1.4762
4  16  8  356.743  1.24435
4  16  9  433.698  1.23475
4  16  10  382.643  1.41136
4  16  11  377.624  1.3799
4  16  12  480.59  1.30535
4  16  13  519.99  1.3792
4  16  14  474.464  1.54126
4  16  15  391.657  1.52199
4  16  16  489.944  0.861801
4  16  17  519.201  0.954246
4  16  18  277.793  1.06883
4  16  19  271.513  1.01678
4  16  20  434.581  0.994789
4  16  21  560.639  1.15021
4  16  22  665.957  1.28285
4  16  23  671.593  1.08592
4  16  24  342.159  0.915054
4  16  25  394.623  0.942333
4  16  26  485.923  1.09848
4  16  27  279.442  1.10021
4  16  28  667.353  1.06775
4  16  29  449.937  1.23468
4  16  30  611.377  1.35995
4  16  31  605.998  1.30148
4  16  32  347.28  1.1837
4  16  33  517.547  1.28568
4  16  34  498.251  1.5471
4  16  35  370.942  1.48821
4  16  36  492.468  0.751222
4  16  38  610.163  1.45765
4  16  39  626.18  1.58717
4  16  40  489.051  1.1972
4  16  41  471.216  1.32487
4  16  42  414.315  1.39642
4  16  43  329.472  1.56404
4  16  44  621.37  1.37743
4  16  45  477.799  1.59221
4  16  46  401.646  1.78166
4  16  47  581.24  1.9273
4  16  48  545.122  0.864962
4  16  49  402.855  1.09283
4  16  50  315.846  1.00627
4  16  51  311.878  1.20908
4  16  52  474.592  1.03119
4  16  53  563.539  1.13443
4  16  54  487.422  1.34053
4  16  55  414.781  1.28081
4  16  56  371.955  0.971475
4  16  57  375.121  1.16643
4  16  58  380.714  1.18026
4  14  0  417.303  1.07081
4  14  1  377.025  1.13395
4  14  2  540.931  1.21394
4  14  3  490.878  1.34442
4  14  4  630.924  1.16067
4  14  5  349.623  1.24692
4  14  6  523.606  1.41276
4  14  7  577.555  1.34312
4  14  8  536.68  1.09665
4  14  9  533.024  1.19679
4  14  10  588.394  1.35326
4  14  11  456.072  1.3008
4  14  12  395.849  1.23865
4  14  13  475.133  1.29472
4  14  14  505.635  1.3095
4  14  15  447.728  1.51998
4  14  16  464.119  1.02431
4  14  17  410.934  1.11206
4  14  18  413.681  1.24465
4  14  19  318.41  1.18655
4  14  20  436.539  1.0859
4  14  21  645.888  1.17945
4  14  22  525.432  1.20412
4  14  23  533.567  1.25045
4  14  24  397.164  1.08799
4  14  25  373.822  1.18713
4  14  26  355.072  1.25772
4  14  27  474.177  1.19018
4  14  28  644.608  1.32505
4  14  29  494.024  1.34986
4  14  30  538.911  1.46036
4  14  31  547.382  1.51237
4  14  32  462.592  0.839744
4  14  33  338.213  0.828291
4  14  34  451.024  0.800749
4  14  35  382.961  0.797765
4  14  36  460.498  0.776867
4  14  37  466.123  0.856172
4  14  38  696.034  0.915082
4  14  39  551.64  0.903971
4  14  40  530.477  0.769234
4  14  41  522.391  0.799906
4  14  42  480.448  0.823697
4  14  43  398.228  0.835228
4  14  44  514.782  1.41844
4  14  45  607.843  1.21423
4  14  46  343.876  1.00128
4  14  47  588.661  0.982746
4  14  48  574.634  0.84545
4  14  49  401.404  0.891004
4  14  50  392.398  0.896732
4  14  51  349.425  0.96749
4  14  52  486.257  0.880055
4  14  53  537.393  1.05557
4  14  54  623.01  1.12309
4  14  55  688.189  1.187
4  14  56  392.07  0.896644
4  14  57  498.762  0.919693
4  14  58  506.34  1.01459
4  14  59  471.658  0.991683
4  14  60  702.149  1.1746
4  14  61  495.562  1.24294
4  14  62  608.291  1.24723
4  14  63  510.099  1.24642
4  12  0  520.877  1.24411
4  12  1  421.823  1.45676
4  12  2  376.985  1.64644
4  12  3  370.938  1.71646
4  12  4  376.398  1.39835
4  12  5  552.899  1.60778
4  12  6  594.998  1.78345
4  12  10  441.398  1.71285
4  12  11  314.898  1.77511
4  12  12  569.355  1.55951
4  12  13  486.113  1.60557
4  12  14  394.965  1.81534
4  12  15  453.906  1.95201
4  12  16  518.205  0.890856
4  12  17  385.424  0.900767
4  12  18  260.627  0.934048
4  12  19  336.493  0.995218
4  12  20  380.618  1.0027
4  12  21  469.376  1.12022
4  12  22  438.847  1.18049
4  12  23  543.287  1.17088
4  12  24  307.153  0.896896
4  12  32  523.947  0.960487
4  12  33  313.805  1.05718
4  12  34  363.664  1.14158
4  12  35  494.745  1.21785
4  12  36  601.649  1.09776
4  12  40  306.47  1.134
4  12  41  468.38  1.27622
4  12  42  501.753  1.35891
4  12  43  393.479  1.45145
4  12  44  477.783  1.51207
4  12  45  414.333  1.48309
4  12  46  461.083  1.40942
4  12  47  440.029  1.46905
4  12  48  351.861  0.975483
4  12  49  459.096  1.10032
4  12  50  317.445  1.03479
4  12  51  247.693  1.11979
4  12  52  444.998  1.10898
4  12  53  455.401  1.32569
4  12  54  487.321  1.35038
4  12  55  581.027  1.45238
4  12  56  286.547  1.10753
4  12  57  377.018  1.16563
4  12  58  301.182  1.17862
4  10  0  333.018  1.05784
4  10  1  330.392  1.12861
4  10  2  346.919  1.26898
4  10  3  365.16  1.25704
4  10  4  407.759  1.15677
4  10  5  438.275  1.34
4  10  6  480.938  1.40822
4  10  7  401.456  1.48013
4  10  8  408.925  1.12497
4  10  9  388.458  1.21804
4  10  10  377.641  1.28696
4  10  11  351.861  1.32588
4  10  12  435.919  1.30215
4  10  13  398.786  1.37669
4  10  14  384.235  1.50377
4  10  15  452.402  1.54776
4  10  16  372.692  0.943791
4  10  17  336.781  0.997629
4  10  18  364.999  1.066
4  10  19  333.75  1.06171
4  10  20  405.7  0.990662
4  10  21  479.62  1.11611
4  10  22  491.336  1.19081
4  10  23  471.013  1.21811
4  10  24  291.515  0.977798
4  10  25  272.393  1.08959
4  10  26  231.062  1.15674
4  10  27  305.595  1.17791
4  10  28  466.988  1.30183
4  10  29  428.718  1.40074
4  10  30  449.906  1.41998
4  10  31  415.007  1.41381
4  10  32  394.085  1.21569
4  10  33  320.268  1.15406
4  10  34  355.105  1.35712
4  10  35  289.976  1.44687
4  10  36  479.884  1.30262
4  10  37  443.343  1.29184
4  10  38  443.039  1.41677
4  10  39  388.86  2.50003
4  10  40  437.394  1.30293
4  10  41  403.726  1.46846
4  10  42  378.258  1.60706
4  10  43  356.813  1.76348
4  10  44  456.494  1.77607
4  10  45  452.583  1.58219
4  10  46  413.803  1.58916
4  10  47  488.128  1.77554
4  10  48  358.911  1.05121
4  10  49  377.104  1.25717
4  10  50  323.712  1.21364
4  10  51  317.785  1.36922
4  10  52  465.291  1.0263
4  10  53  495.638  1.33587
4  10  54  531.132  1.476
4  10  55  482.859  1.594
4  10  56  378.18  1.02457
4  10  57  362.452  1.11385
4  10  58  330.071  1.22893
4  10  59  310.769  1.40293
4  10  60  525.955  1.29754
4  10  61  438.014  1.42135
4  10  62  435.575  1.58165
4  10  63  370.45  1.6228
4  8  0  430.776  1.31782
4  8  1  439.18  1.51767
4  8  2  413.179  1.37011
4  8  3  323.46  1.57665
4  8  4  441.923  1.57278
4  8  5  463.833  1.53503
4  8  6  533.61  1.6241
4  8  7  412.844  1.6667
4  8  8  458.462  1.43624
4  8  9  531.591  1.68251
4  8  10  523.384  1.62608
4  8  11  454.724  1.7386
4  8  12  548.887  1.54625
4  8  13  491.105  1.55128
4  8  14  406.986  1.53701
4  8  15  602.133  1.82706
4  8  16  478.356  1.17302
4  8  17  485.706  1.32144
4  8  18  376.628  1.3266
4  8  19  231.038  1.37982
4  8  20  411.77  1.27243
4  8  21  708.599  1.538
4  8  22  425.42  1.56094
4  8  23  370.151  1.56156
4  8  24  388.821  1.37987
4  8  25  483.938  1.36372
4  8  26  392.148  1.53294
4  8  27  280.827  1.39605
4  8  28  603.924  1.42645
4  8  29  461.203  1.60125
4  8  30  433.851  1.70942
4  8  31  561.348  1.6808
4  8  32  554.111  1.26318
4  8  33  394.341  1.1111
4  8  34  397.04  1.17572
4  8  35  497.873  1.30113
4  8  36  491.161  1.22399
4  8  37  748.607  1.34514
4  8  38  496.533  1.40717
4  8  39  558.307  1.48079
4  8  40  407.941  1.11404
4  8  41  404.779  1.23253
4  8  42  378.963  1.5106
4  8  43  351.015  1.38143
4  8  44  428.041  1.36721
4  8  45  544.332  1.47531
4  8  46  398.227  1.34017
4  8  47  481.337  1.48853
4  8  48  390.32  1.06956
4  8  49  354.89  1.33409
4  8  50  380.7  1.2913
4  8  51  356.601  1.39698
4  8  52  562.457  1.21897
4  8  53  536.571  1.37493
4  8  54  446.027  1.4601
4  8  55  621.378  1.61702
4  8  56  384.292  1.24329
4  8  57  564.837  1.42245
4  8  58  465.047  1.38952
4  8  59  456.928  1.38582
4  8  60  464.818  1.42512
4  8  61  457.645  1.48819
4  8  62  577.62  1.58594
4  8  63  490.418  1.74407
4  6  0  565.024  2.00232
4  6  1  544.446  2.09459
4  6  2  277.688  2.43651
4  6  3  324.075  2.44972
4  6  4  438.534  1.95215
4  6  6  510.551  2.48624
4  6  7  451.785  2.51535
4  6  8  418.772  2.17295
4  6  9  401.352  2.26809
4  6  10  514.128  2.90643
4  6  11  390.343  2.70153
4  6  12  564.154  2.08671
4  6  13  444.099  2.41703
4  6  14  470.731  2.51792
4  6  15  529.92  2.91594
4  6  16  456.21  1.60559
4  6  17  345.627  1.7623
4  6  18  328.814  1.91102
4  6  19  378.89  2.0007
4  6  20  462.491  1.69686
4  6  21  655.99  2.06713
4  6  22  597.384  2.00922
4  6  23  621.292  1.84998
4  6  24  404.596  1.87418
4  6  25  468.981  1.98983
4  6  26  262.791  1.93408
4  6  32  342.957  1.19566
4  6  33  395.339  1.3186
4  6  34  457.859  1.41721
4  6  35  479.207  1.48751
4  6  36  644.65  1.26593
4  6  38  471.727  1.40084
4  6  39  558.801  1.41927
4  6  40  438.152  1.33068
4  6  41  470.679  1.55463
4  6  42  349.289  1.39657
4  6  43  327.96  1.54565
4  6  44  437.246  1.47044
4  6  45  605.78  1.45495
4  6  46  579.717  1.5209
4  6  47  539.396  1.65923
4  6  48  510.584  0.95841
4  6  49  472.185  1.40985
4  6  50  346.63  1.20691
4  6  51  385.627  1.29536
4  6  52  468.855  1.27635
4  6  53  626.99  1.42532
4  6  54  408.209  1.42893
4  6  55  579.963  1.44808
4  6  56  526.361  1.19224
4  6  57  494.396  1.18223
4  6  58  448.118  1.24965
4  4  0  472.877  2.88168
4  4  1  447.888  2.93947
4  4  2  429.001  3.60464
4  4  3  354.776  4.17106
4  4  4  614.531  2.81579
4  4  5  507.661  3.1424
4  4  6  499.516  3.53238
4  4  7  516.83  4.28268
4  4  8  400.689  2.77699
4  4  9  485.064  3.34348
4  4  10  328.193  3.45999
4  4  11  490.543  4.23621
4  4  12  390.772  3.56572
4  4  13  460.634  4.06917
4  4  14  571.79  4.23518
4  4  15  595.317  4.78891
4  4  16  498.956  3.72268
4  4  17  429.773  3.7461
4  4  18  325.343  3.96724
4  4  19  382.42  4.18036
4  4  20  526.471  3.04995
4  4  21  640.002  3.68383
4  4  22  481.961  3.94447
4  4  23  450.563  4.37386
4  4  24  433.679  3.28819
4  4  25  391.845  3.69667
4  4  26  432.58  3.74245
4  4  27  307.634  4.528
4  4  28  481.777  3.91983
4  4  29  616.424  4.45226
4  4  30  407.431  5.26392
4  4  31  567.776  5.69332
4  4  32  535.509  1.14106
4  4  33  338.755  1.09762
4  4  34  370.041  1.25602
4  4  35  436.344  1.32035
4  4  36  424.294  1.17815
4  4  37  514.522  1.13376
4  4  38  602.136  1.29257
4  4  39  479.022  1.34088
4  4  40  555.046  1.16824
4  4  41  382.952  1.20607
4  4  42  469.714  1.3705
4  4  43  298.821  1.37965
4  4  44  537.637  1.41366
4  4  45  461.702  1.33583
4  4  46  416.24  1.47155
4  4  47  462.453  1.41924
4  4  48  525.106  1.23083
4  4  49  410.786  1.32883
4  4  50  419.03  1.3208
4  4  51  268.29  1.40366
4  4  52  464.109  1.2636
4  4  53  403.511  1.50375
4  4  54  510.629  1.47762
4  4  55  567.827  1.51188
4  4  56  389.243  1.15888
4  4  57  426.61  1.30277
4  4  58  326.845  1.22893
4  4  59  409.236  1.34241
4  4  60  682.445  1.63679
4  4  61  528.707  1.50313
4  4  62  630.856  1.51275
4  4  63  514.261  1.58409
6  4  0  -43.7946  952.803
6  4  1  244.326  4.04582
6  4  2  276.685  4.57467
6  4  3  252.006  6.08508
6  4  4  353.959  3.03208
6  4  5  392.869  1.66778
