      G4     2     0    96
     G25     2     0    97
      W6     2     0    98
     G10     2     0    99
     W11     2     0   100
      G5     2     0   101
     W18     2     0   102
     W15     2     0   104
      W9     2     0   105
     W20     2     0   106
     W33     2     0   107
      W8     2     0   108
     W27     2     0   109
     W21     2     0   110
      W2     2     0   112
     W26     2     0   113
      W7     2     0   114
      W1     2     0   115
      W3     2     0   116
     W14     2     0   117
     W24     2     0   120
     G24     2     0   121
     G20     2     0   122
     G15     2     0   123
     W12     2     0   124
     W36     2     0   125
     W30     2     0   126
     G11     2     0    64
     G22     2     0    65
     W25     2     0    66
     W13     2     0    67
      G2     2     0    68
     W32     2     0    69
     W28     2     0    72
      W4     2     0    73
     W10     2     0    74
     W16     2     0    75
     W22     2     0    76
      G3     2     0    77
     G23     2     0    78
      G1     2     0    80
      G6     2     0    81
     G16     2     0    82
     G21     2     0    83
     W31     2     0    84
     W19     2     0    85
     W23     2     0    88
     W34     2     0    89
     W17     2     0    90
     W35     2     0    91
     W29     2     0    92
      W5     2     0    93
      S1     2     0    94
      S2     2     0    95
